Resp charges for organic molecule

 &cntrl

 nmol = 1,
 ihfree = 1,
 ioutopt = 1,
 qwt = 0.00050,

 &end
    1.0
Resp charges for organic molecule
    0  100
    6    0
    6    0
    6    0
    6    0
    6    0
    6    0
    6    0
    6    0
    6    8
    6    7
    6    6
    6    5
    6    4
    6    3
    6    2
    6    1
    6    2
    6    3
    6    0
    6    0
    6    0
    6    0
    6    0
    6   23
    6   22
    6   21
    6   20
    6   19
    6    5
    6    4
    6    3
    6    2
    6    1
    6    2
    6    3
    6    6
    6    7
    6    8
    6    8
    6    7
    6    6
    6    5
    6    4
    6    3
    6    2
    6    1
    6    2
    6    3
    6   19
    6   20
    6   21
    6   22
    6   23
    6   23
    6   22
    6   21
    6   20
    6   19
    6    0
    6    0
    6   60
    6   59
    6    3
    6    2
    1    0
    1    0
    1    0
    1    0
    1    0
    1   69
    1   68
    1   67
    1   66
    1   65
    1   66
    1   67
    1    0
    1    0
    1   78
    1   77
    1   67
    1   66
    1   65
    1   66
    1   67
    1   68
    1   69
    1   69
    1   68
    1   67
    1   66
    1   65
    1   66
    1   67
    1   77
    1   78
    1   78
    1   77
    1   67
    1   66

