
Resp charges for organic molecule                                               

iqopt   irstrnt  ihfree     qwt
  2      1      1        0.001000

 rel.rms   dipole mom       Qxx      Qyy      Qzz
    0.17897   0.67760 -41.42355  87.60528 -46.18172

          Point charges before & after optimization
    NO   At.No.    q0           q(opt)   IVARY  d(rstr)/dq 
     1     6  -0.096941      -0.096941  -99    0.007180
     2     6  -0.201183      -0.201183  -99    0.004451
     3     6  -0.121503      -0.121503  -99    0.006355
     4     6   0.195266       0.195266  -99    0.004558
     5     6  -0.260792      -0.260792  -99    0.003580
     6     6   0.169835       0.169835  -99    0.005074
     7     6  -0.216933      -0.216933  -99    0.004186
     8     6  -0.139202      -0.139202  -99    0.005834
     9     6  -0.139202      -0.139202  -99    0.005834
    10     6  -0.216933      -0.216933  -99    0.004186
    11     6   0.169835       0.169835  -99    0.005074
    12     6  -0.260792      -0.260792  -99    0.003580
    13     6   0.195266       0.195266  -99    0.004558
    14     6  -0.121503      -0.121503  -99    0.006355
    15     6  -0.201183      -0.201183  -99    0.004451
    16     6  -0.096941      -0.096941  -99    0.007180
    17     6  -0.201183      -0.201183  -99    0.004451
    18     6  -0.121503      -0.121503  -99    0.006355
    19     6   0.049283       0.049283  -99    0.008970
    20     6   0.038071       0.038071  -99    0.009346
    21     6  -0.178640      -0.178640  -99    0.004885
    22     6  -0.205024      -0.205024  -99    0.004384
    23     6   0.022737       0.022737  -99    0.009751
    24     6   0.022737       0.022737  -99    0.009751
    25     6  -0.205024      -0.205024  -99    0.004384
    26     6  -0.178640      -0.178640  -99    0.004885
    27     6   0.038071       0.038071  -99    0.009346
    28     6   0.049283       0.049283  -99    0.008970
    29     6  -0.260792      -0.260792  -99    0.003580
    30     6   0.195266       0.195266  -99    0.004558
    31     6  -0.121503      -0.121503  -99    0.006355
    32     6  -0.201183      -0.201183  -99    0.004451
    33     6  -0.096941      -0.096941  -99    0.007180
    34     6  -0.201183      -0.201183  -99    0.004451
    35     6  -0.121503      -0.121503  -99    0.006355
    36     6   0.169835       0.169835  -99    0.005074
    37     6  -0.216933      -0.216933  -99    0.004186
    38     6  -0.139202      -0.139202  -99    0.005834
    39     6  -0.139202      -0.139202  -99    0.005834
    40     6  -0.216933      -0.216933  -99    0.004186
    41     6   0.169835       0.169835  -99    0.005074
    42     6  -0.260792      -0.260792  -99    0.003580
    43     6   0.195266       0.195266  -99    0.004558
    44     6  -0.121503      -0.121503  -99    0.006355
    45     6  -0.201183      -0.201183  -99    0.004451
    46     6  -0.096941      -0.096941  -99    0.007180
    47     6  -0.201183      -0.201183  -99    0.004451
    48     6  -0.121503      -0.121503  -99    0.006355
    49     6   0.049283       0.049283  -99    0.008970
    50     6   0.038071       0.038071  -99    0.009346
    51     6  -0.178640      -0.178640  -99    0.004885
    52     6  -0.205024      -0.205024  -99    0.004384
    53     6   0.022737       0.022737  -99    0.009751
    54     6   0.022737       0.022737  -99    0.009751
    55     6  -0.205024      -0.205024  -99    0.004384
    56     6  -0.178640      -0.178640  -99    0.004885
    57     6   0.038071       0.038071  -99    0.009346
    58     6   0.049283       0.049283  -99    0.008970
    59     6  -0.031717      -0.031717  -99    0.009532
    60     6   0.074377       0.074377  -99    0.008024
    61     6   0.074377       0.074377  -99    0.008024
    62     6  -0.031717      -0.031717  -99    0.009532
    63     6  -0.121503      -0.121503  -99    0.006355
    64     6  -0.201183      -0.201183  -99    0.004451
    65     1   0.120047       0.120047  -99    0.000000
    66     1   0.150411       0.150411  -99    0.000000
    67     1   0.123808       0.123808  -99    0.000000
    68     1   0.135237       0.135237  -99    0.000000
    69     1   0.133334       0.133334  -99    0.000000
    70     1   0.133334       0.133334  -99    0.000000
    71     1   0.135237       0.135237  -99    0.000000
    72     1   0.123808       0.123808  -99    0.000000
    73     1   0.150411       0.150411  -99    0.000000
    74     1   0.120047       0.120047  -99    0.000000
    75     1   0.150411       0.150411  -99    0.000000
    76     1   0.123808       0.123808  -99    0.000000
    77     1   0.155835       0.155835  -99    0.000000
    78     1   0.153489       0.153489  -99    0.000000
    79     1   0.153489       0.153489  -99    0.000000
    80     1   0.155835       0.155835  -99    0.000000
    81     1   0.123808       0.123808  -99    0.000000
    82     1   0.150411       0.150411  -99    0.000000
    83     1   0.120047       0.120047  -99    0.000000
    84     1   0.150411       0.150411  -99    0.000000
    85     1   0.123808       0.123808  -99    0.000000
    86     1   0.135237       0.135237  -99    0.000000
    87     1   0.133334       0.133334  -99    0.000000
    88     1   0.133334       0.133334  -99    0.000000
    89     1   0.135237       0.135237  -99    0.000000
    90     1   0.123808       0.123808  -99    0.000000
    91     1   0.150411       0.150411  -99    0.000000
    92     1   0.120047       0.120047  -99    0.000000
    93     1   0.150411       0.150411  -99    0.000000
    94     1   0.123808       0.123808  -99    0.000000
    95     1   0.155835       0.155835  -99    0.000000
    96     1   0.153489       0.153489  -99    0.000000
    97     1   0.153489       0.153489  -99    0.000000
    98     1   0.155835       0.155835  -99    0.000000
    99     1   0.123808       0.123808  -99    0.000000
   100     1   0.150411       0.150411  -99    0.000000

        Statistics of the fitting:
  The initial sum of squares (ssvpot)                      2.421
  The residual sum of squares (chipot)                     0.078
  The std err of estimate (sqrt(chipot/N))               0.00190
  ESP relative RMS (SQRT(chipot/ssvpot))                 0.17897

 Dipole Moment (Debye)=   0.67760
