 -0.096941 -0.201183 -0.121503  0.195266 -0.260792  0.169835 -0.216933 -0.139202
 -0.139202 -0.216933  0.169835 -0.260792  0.195266 -0.121503 -0.201183 -0.096941
 -0.201183 -0.121503  0.049283  0.038071 -0.178640 -0.205024  0.022737  0.022737
 -0.205024 -0.178640  0.038071  0.049283 -0.260792  0.195266 -0.121503 -0.201183
 -0.096941 -0.201183 -0.121503  0.169835 -0.216933 -0.139202 -0.139202 -0.216933
  0.169835 -0.260792  0.195266 -0.121503 -0.201183 -0.096941 -0.201183 -0.121503
  0.049283  0.038071 -0.178640 -0.205024  0.022737  0.022737 -0.205024 -0.178640
  0.038071  0.049283 -0.031717  0.074377  0.074377 -0.031717 -0.121503 -0.201183
  0.120047  0.150411  0.123808  0.135237  0.133334  0.133334  0.135237  0.123808
  0.150411  0.120047  0.150411  0.123808  0.155835  0.153489  0.153489  0.155835
  0.123808  0.150411  0.120047  0.150411  0.123808  0.135237  0.133334  0.133334
  0.135237  0.123808  0.150411  0.120047  0.150411  0.123808  0.155835  0.153489
  0.153489  0.155835  0.123808  0.150411
