1 0.092756
2 -0.155532
3 -0.062559
4 0.078155
5 -0.198737
6 0.049803
7 -0.063003
8 -0.118021
9 -0.140233
10 -0.051333
11 -0.096696
12 -0.033419
13 -0.042701
14 0.119529
15 -0.051599
16 -0.214355
17 0.161091
18 -0.166695
19 0.075622
20 -0.113006
21 -0.418909
22 0.11912
23 0.291683
24 0.015286
25 -0.094126
26 0.073732
27 -0.120238
28 0.022344
29 0.000691
30 -0.019741
31 -0.050655
32 0.128019
33 -0.158344
34 0.187365
35 0.071973
36 -0.093801
37 0.179243
38 0.014621
39 -0.057391
40 0.136964
41 0.138483
42 0.086181
43 0.043194
44 -0.208337
45 -0.001728
46 -0.065189
47 -0.02373
48 0.017513
49 -0.165396
50 -0.230489
51 -0.189373
52 0.164606
53 0.100091
54 0.258979
55 -0.099715
56 -0.044001
57 -0.130046
58 0.023715
59 -0.162263
60 0.029017
61 -0.006073
62 0.058635
63 -0.634246
64 0.306686
65 0.313791
66 0.360417
67 -0.417956
68 0.294783
69 -0.374915
70 0.270545
71 0.399479
72 -0.357092
73 0.298588
74 -0.428444
75 0.306392
76 0.137066
77 0.180133
78 -0.414893
79 0.318439
80 -0.410454
81 0.296974
82 0.34121
83 -0.333944
84 0.403242
85 -0.485302
86 0.267888
87 0.219033
88 -0.406735
89 0.296412
90 -0.352685
91 0.305656
92 -0.040121
93 -0.075926
94 0.173171
95 0.212678
96 -0.340102
97 0.312194
98 -0.425455
99 0.293018
100 0.431539
101 -0.389525
102 0.397108
103 -0.458023
104 0.273422
105 0.166974
106 -0.410139
107 0.276921
108 -0.402386
109 0.326269
110 -0.025639
111 -0.048841
112 0.481888
113 -0.376848
114 0.305073
115 -0.375047
116 0.262786
117 0.346465
118 -0.467374
119 0.277139
120 -0.357505
121 0.29259
122 -0.474956
123 0.320251
124 -0.004385
125 -0.176579
126 0.211171
127 -0.548554
128 0.308253
129 0.460911
130 -0.394391
131 0.253468
132 -0.258198
133 0.266637
134 -0.355854
135 0.245152
136 -0.365582
137 0.252622
138 -0.365176
139 0.239419
140 0.363426
141 -0.893696
142 0.265423
143 0.26742
144 0.273495
145 -0.416231
146 0.273274
147 -0.234121
148 0.276531
149 -0.381302
150 0.260586
151 0.22291
152 -0.850496
153 0.265132
154 0.258959
155 0.273391
156 -0.34993
157 0.257882
158 -0.247989
159 0.263593
160 -0.264773
161 0.258768
162 -0.410776
163 0.245126
164 0.399808
165 -0.95755
166 0.283177
167 0.267823
168 0.276429
169 -0.344744
170 0.231822
171 -0.27916
172 0.226021
173 -0.364535
174 0.235699
175 0.280149
176 -0.792468
177 0.236191
178 0.260229
179 0.266399
180 -0.340175
181 0.274891
182 -0.363159
183 0.265711
184 0.160268
185 0.194006
186 -0.939302
187 0.269227
188 0.259951
189 0.283297
190 -0.563989
191 0.254271
192 0.257483
193 -0.548719
194 0.27244
195 0.253907
196 -0.555719
197 0.251027
198 0.241257
199 0.222804
200 -0.886524
201 0.264693
202 0.239239
203 0.26841
204 -0.819962
205 0.245308
206 0.256213
207 0.239701
