1       1 C                     0.091998

2       2 C                    -0.145122

3       3 C                    -0.039803

4       4 C                     0.073647

5       5 C                    -0.184307

6       6 C                     0.042435

7       7 C                    -0.044058

8       8 C                    -0.082497

9       9 C                    -0.127982

10      10 C                    -0.025049

11      11 C                    -0.085176

12      12 C                    -0.035803

13      13 C                    -0.007231

14      14 C                     0.137189

15      15 C                    -0.028395

16      16 C                    -0.192332

17      17 C                     0.183424

18      18 C                    -0.153005

19      19 C                     0.090098

20      20 C                    -0.092848

21      21 C                    -0.410009

22      22 C                     0.151889

23      23 C                     0.321060

24      24 C                     0.024873

25      25 C                    -0.095641

26      26 C                     0.076515

27      27 C                    -0.099348

28      28 C                     0.027206

29      29 C                     0.010532

30      30 C                    -0.006768

31      31 C                    -0.051211

32      32 C                     0.147458

33      33 C                    -0.139564

34      34 C                     0.200873

35      35 C                     0.107353

36      36 C                    -0.083475

37      37 C                     0.192591

38      38 C                     0.025623

39      39 C                    -0.052606

40      40 C                     0.161840

41      41 C                     0.151324

42      42 C                     0.086995

43      43 C                     0.047728

44      44 C                    -0.175456

45      45 C                    -0.000979

46      46 C                    -0.065510

47      47 C                     0.021610

48      48 C                     0.007492

49      49 C                    -0.160307

50      50 C                    -0.171554

51      51 C                    -0.153274

52      52 C                     0.169256

53      53 C                     0.107155

54      54 C                     0.269709

55      55 C                    -0.092787

56      56 C                    -0.017841

57      57 C                    -0.081626

58      58 C                     0.058067

59      59 C                    -0.120864

60      60 C                     0.059492

61      61 C                    -0.004184

62      62 N                     0.046444

63      63 C                    -0.633962

64      64 H                     0.305742

65      65 H                     0.312985

66      66 C                     0.349703

67      67 C                    -0.459007

68      68 H                     0.294746

69      69 C                    -0.375509

70      70 H                     0.270539

71      71 C                     0.354283

72      72 C                    -0.388402

73      73 H                     0.298562

74      74 C                    -0.430776

75      75 H                     0.306366

76      76 C                    -0.021710

77      77 C                     0.174539

78      78 C                    -0.421123

79      79 H                     0.318483

80      80 C                    -0.420083

81      81 H                     0.296882

82      82 C                     0.338835

83      83 N                    -0.353570

84      84 H                     0.403426

85      85 C                    -0.552165

86      86 H                     0.267315

87      87 C                     0.218670

88      88 C                    -0.410431

89      89 H                     0.295959

90      90 C                    -0.356037

91      91 H                     0.305618

92      92 C                    -0.041067

93      93 N                    -0.113686

94      94 C                     0.026652

95      95 C                     0.200116

96      96 C                    -0.350570

97      97 H                     0.312202

98      98 C                    -0.436865

99      99 H                     0.292856

100     100 C                     0.422285

101     101 N                    -0.434095

102     102 H                     0.397420

103     103 C                    -0.546583

104     104 H                     0.272942

105     105 C                     0.156646

106     106 C                    -0.432039

107     107 H                     0.276394

108     108 C                    -0.407832

109     109 H                     0.326305

110     110 C                    -0.039690

111     111 N                    -0.076929

112     112 C                     0.449444

113     113 C                    -0.377685

114     114 H                     0.305079

115     115 C                    -0.406425

116     116 H                     0.262767

117     117 C                     0.337710

118     118 C                    -0.469992

119     119 H                     0.277125

120     120 C                    -0.389930

121     121 H                     0.292570

122     122 N                    -0.481754

123     123 H                     0.319500

124     124 C                    -0.005595

125     125 O                    -0.179877

126     126 C                     0.211003

127     127 C                    -0.548647

128     128 H                     0.308255

129     129 C                     0.460859

130     130 C                    -0.394569

131     131 H                     0.253468

132     132 C                    -0.258201

133     133 H                     0.266635

134     134 C                    -0.356130

135     135 H                     0.245160

136     136 C                    -0.365595

137     137 H                     0.252622

138     138 C                    -0.365203

139     139 H                     0.239419

140     140 C                     0.363422

141     141 C                    -0.893696

142     142 H                     0.265423

143     143 H                     0.267420

144     144 H                     0.273495

145     145 C                    -0.416250

146     146 H                     0.273274

147     147 C                    -0.234124

148     148 H                     0.276531

149     149 C                    -0.381313

150     150 H                     0.260586

151     151 C                     0.222909

152     152 C                    -0.850496

153     153 H                     0.265132

154     154 H                     0.258959

155     155 H                     0.273391

156     156 C                    -0.349935

157     157 H                     0.257882

158     158 C                    -0.247990

159     159 H                     0.263593

160     160 C                    -0.264776

161     161 H                     0.258768

162     162 C                    -0.410776

163     163 H                     0.245126

164     164 C                     0.399806

165     165 C                    -0.957550

166     166 H                     0.283177

167     167 H                     0.267823

168     168 H                     0.276429

169     169 C                    -0.344745

170     170 H                     0.231822

171     171 C                    -0.279161

172     172 H                     0.226021

173     173 C                    -0.364536

174     174 H                     0.235699

175     175 C                     0.280148

176     176 C                    -0.792468

177     177 H                     0.236191

178     178 H                     0.260229

179     179 H                     0.266399

180     180 C                    -0.340175

181     181 H                     0.274891

182     182 C                    -0.363159

183     183 H                     0.265711

184     184 C                     0.160268

185     185 C                     0.194006

186     186 C                    -0.939302

187     187 H                     0.269227

188     188 H                     0.259951

189     189 H                     0.283297

190     190 C                    -0.563989

191     191 H                     0.254271

192     192 H                     0.257483

193     193 C                    -0.548719

194     194 H                     0.272440

195     195 H                     0.253907

196     196 C                    -0.555719

197     197 H                     0.251027

198     198 H                     0.241257

199     199 C                     0.222804

200     200 C                    -0.886524

201     201 H                     0.264693

202     202 H                     0.239239

203     203 H                     0.268410

204     204 C                    -0.819962

205     205 H                     0.245308

206     206 H                     0.256213

207     207 H                     0.239701

