1       1 C                     0.117819

2       2 C                    -0.155227

3       3 C                    -0.050746

4       4 C                     0.088199

5       5 C                    -0.176188

6       6 C                     0.045759

7       7 C                    -0.021620

8       8 C                    -0.070721

9       9 C                    -0.143398

10      10 C                    -0.025791

11      11 C                    -0.080825

12      12 C                    -0.012733

13      13 C                    -0.028372

14      14 C                     0.129087

15      15 C                    -0.045433

16      16 C                    -0.217261

17      17 C                     0.173230

18      18 C                    -0.144289

19      19 C                     0.078883

20      20 C                    -0.105974

21      21 C                    -0.413177

22      22 C                     0.138364

23      23 C                     0.314765

24      24 C                     0.021480

25      25 C                    -0.069388

26      26 C                     0.078805

27      27 C                    -0.073265

28      28 C                     0.022598

29      29 C                     0.010031

30      30 C                     0.010739

31      31 C                    -0.049614

32      32 C                     0.132953

33      33 C                    -0.142250

34      34 C                     0.187067

35      35 C                     0.069529

36      36 C                    -0.087631

37      37 C                     0.195963

38      38 C                     0.023371

39      39 C                    -0.026843

40      40 C                     0.140839

41      41 C                     0.151655

42      42 C                     0.100289

43      43 C                     0.074407

44      44 C                    -0.157350

45      45 C                     0.002403

46      46 C                    -0.059420

47      47 C                     0.014711

48      48 C                     0.013235

49      49 C                    -0.158623

50      50 C                    -0.222790

51      51 C                    -0.113299

52      52 C                     0.171177

53      53 C                     0.113978

54      54 C                     0.283820

55      55 C                    -0.089724

56      56 C                    -0.040241

57      57 C                    -0.086503

58      58 C                     0.065037

59      59 C                    -0.142073

60      60 C                     0.047930

61      61 C                    -0.003269

62      62 N                     0.055350

63      63 C                    -0.633375

64      64 H                     0.305742

65      65 H                     0.312991

66      66 C                     0.349659

67      67 C                    -0.459052

68      68 H                     0.294743

69      69 C                    -0.375474

70      70 H                     0.270576

71      71 C                     0.354899

72      72 C                    -0.388340

73      73 H                     0.298581

74      74 C                    -0.430557

75      75 H                     0.306399

76      76 C                    -0.021688

77      77 C                     0.174529

78      78 C                    -0.421124

79      79 H                     0.318483

80      80 C                    -0.420091

81      81 H                     0.296882

82      82 C                     0.338832

83      83 N                    -0.353565

84      84 H                     0.403426

85      85 C                    -0.552156

86      86 H                     0.267315

87      87 C                     0.218667

88      88 C                    -0.410430

89      89 H                     0.295959

90      90 C                    -0.356040

91      91 H                     0.305618

92      92 C                    -0.041065

93      93 N                    -0.113680

94      94 C                     0.026648

95      95 C                     0.200122

96      96 C                    -0.350577

97      97 H                     0.312202

98      98 C                    -0.436862

99      99 H                     0.292855

100     100 C                     0.422273

101     101 N                    -0.434092

102     102 H                     0.397420

103     103 C                    -0.546564

104     104 H                     0.272942

105     105 C                     0.156623

106     106 C                    -0.432055

107     107 H                     0.276394

108     108 C                    -0.407844

109     109 H                     0.326305

110     110 C                    -0.039717

111     111 N                    -0.076914

112     112 C                     0.449449

113     113 C                    -0.377684

114     114 H                     0.305079

115     115 C                    -0.406422

116     116 H                     0.262767

117     117 C                     0.337717

118     118 C                    -0.469990

119     119 H                     0.277125

120     120 C                    -0.389928

121     121 H                     0.292570

122     122 N                    -0.481749

123     123 H                     0.319500

124     124 C                    -0.005595

125     125 O                    -0.179876

126     126 C                     0.211006

127     127 C                    -0.548605

128     128 H                     0.308255

129     129 C                     0.460874

130     130 C                    -0.394516

131     131 H                     0.253468

132     132 C                    -0.258200

133     133 H                     0.266635

134     134 C                    -0.356057

135     135 H                     0.245160

136     136 C                    -0.365381

137     137 H                     0.252622

138     138 C                    -0.365156

139     139 H                     0.239420

140     140 C                     0.363661

141     141 C                    -0.893690

142     142 H                     0.265425

143     143 H                     0.267426

144     144 H                     0.273504

145     145 C                    -0.416117

146     146 H                     0.273274

147     147 C                    -0.233892

148     148 H                     0.276530

149     149 C                    -0.381153

150     150 H                     0.260594

151     151 C                     0.223261

152     152 C                    -0.850485

153     153 H                     0.265133

154     154 H                     0.258967

155     155 H                     0.273409

156     156 C                    -0.349674

157     157 H                     0.257883

158     158 C                    -0.247670

159     159 H                     0.263594

160     160 C                    -0.264507

161     161 H                     0.258768

162     162 C                    -0.410477

163     163 H                     0.245126

164     164 C                     0.400092

165     165 C                    -0.957541

166     166 H                     0.283190

167     167 H                     0.267830

168     168 H                     0.276429

169     169 C                    -0.344545

170     170 H                     0.231825

171     171 C                    -0.278882

172     172 H                     0.226022

173     173 C                    -0.364392

174     174 H                     0.235699

175     175 C                     0.280394

176     176 C                    -0.792460

177     177 H                     0.236191

178     178 H                     0.260242

179     179 H                     0.266411

180     180 C                    -0.340126

181     181 H                     0.274892

182     182 C                    -0.363014

183     183 H                     0.265711

184     184 C                     0.160288

185     185 C                     0.194066

186     186 C                    -0.939300

187     187 H                     0.269231

188     188 H                     0.259954

189     189 H                     0.283297

190     190 C                    -0.563987

191     191 H                     0.254272

192     192 H                     0.257488

193     193 C                    -0.548718

194     194 H                     0.272440

195     195 H                     0.253907

196     196 C                    -0.555718

197     197 H                     0.251027

198     198 H                     0.241258

199     199 C                     0.222812

200     200 C                    -0.886522

201     201 H                     0.264693

202     202 H                     0.239239

203     203 H                     0.268410

204     204 C                    -0.819962

205     205 H                     0.245308

206     206 H                     0.256213

207     207 H                     0.239701

