1       1 C                     0.060129

2       2 C                    -0.151310

3       3 C                    -0.040505

4       4 C                     0.035638

5       5 C                    -0.236089

6       6 C                     0.033572

7       7 C                    -0.041489

8       8 C                    -0.107286

9       9 C                    -0.144290

10      10 C                    -0.079799

11      11 C                    -0.097700

12      12 C                    -0.083673

13      13 C                    -0.011595

14      14 C                     0.129915

15      15 C                    -0.042499

16      16 C                    -0.219065

17      17 C                     0.151364

18      18 C                    -0.169078

19      19 C                     0.099453

20      20 C                    -0.090090

21      21 C                    -0.407508

22      22 C                     0.147564

23      23 C                     0.295004

24      24 C                     0.005430

25      25 C                    -0.120296

26      26 C                     0.077201

27      27 C                    -0.102698

28      28 C                    -0.011602

29      29 C                    -0.010953

30      30 C                    -0.018919

31      31 C                    -0.087728

32      32 C                     0.134749

33      33 C                    -0.151236

34      34 C                     0.192152

35      35 C                     0.112971

36      36 C                    -0.085588

37      37 C                     0.201283

38      38 C                     0.006044

39      39 C                    -0.071529

40      40 C                     0.147560

41      41 C                     0.149113

42      42 C                     0.065165

43      43 C                     0.047169

44      44 C                    -0.187680

45      45 C                    -0.010811

46      46 C                    -0.077663

47      47 C                     0.012195

48      48 C                    -0.046766

49      49 C                    -0.187608

50      50 C                    -0.178421

51      51 C                    -0.149785

52      52 C                     0.166245

53      53 C                     0.091830

54      54 C                     0.240521

55      55 C                    -0.116992

56      56 C                    -0.032068

57      57 C                    -0.092028

58      58 C                     0.060951

59      59 C                    -0.127219

60      60 C                     0.051769

61      61 C                    -0.005831

62      62 N                     0.059043

63      63 C                    -0.634953

64      64 H                     0.306697

65      65 H                     0.313953

66      66 C                     0.360152

67      67 C                    -0.422067

68      68 H                     0.294789

69      69 C                    -0.376262

70      70 H                     0.270443

71      71 C                     0.396854

72      72 C                    -0.360040

73      73 H                     0.298541

74      74 C                    -0.428855

75      75 H                     0.306376

76      76 C                     0.115531

77      77 C                     0.180306

78      78 C                    -0.416250

79      79 H                     0.318445

80      80 C                    -0.411960

81      81 H                     0.296952

82      82 C                     0.341755

83      83 N                    -0.335038

84      84 H                     0.403259

85      85 C                    -0.489737

86      86 H                     0.267884

87      87 C                     0.219303

88      88 C                    -0.407442

89      89 H                     0.296386

90      90 C                    -0.353358

91      91 H                     0.305654

92      92 C                    -0.040038

93      93 N                    -0.078010

94      94 C                     0.160193

95      95 C                     0.210765

96      96 C                    -0.342612

97      97 H                     0.312199

98      98 C                    -0.428256

99      99 H                     0.292992

100     100 C                     0.430750

101     101 N                    -0.390485

102     102 H                     0.397113

103     103 C                    -0.462676

104     104 H                     0.273426

105     105 C                     0.165838

106     106 C                    -0.411685

107     107 H                     0.276870

108     108 C                    -0.403335

109     109 H                     0.326276

110     110 C                    -0.025901

111     111 N                    -0.050140

112     112 C                     0.478791

113     113 C                    -0.376951

114     114 H                     0.305070

115     115 C                    -0.377937

116     116 H                     0.262757

117     117 C                     0.345796

118     118 C                    -0.467495

119     119 H                     0.277130

120     120 C                    -0.360577

121     121 H                     0.292586

122     122 N                    -0.475299

123     123 H                     0.320171

124     124 C                    -0.004607

125     125 O                    -0.176873

126     126 C                     0.211158

127     127 C                    -0.548573

128     128 H                     0.308253

129     129 C                     0.460902

130     130 C                    -0.394419

131     131 H                     0.253467

132     132 C                    -0.258200

133     133 H                     0.266636

134     134 C                    -0.355893

135     135 H                     0.245153

136     136 C                    -0.365582

137     137 H                     0.252622

138     138 C                    -0.365186

139     139 H                     0.239419

140     140 C                     0.363430

141     141 C                    -0.893695

142     142 H                     0.265423

143     143 H                     0.267420

144     144 H                     0.273495

145     145 C                    -0.416233

146     146 H                     0.273274

147     147 C                    -0.234120

148     148 H                     0.276530

149     149 C                    -0.381307

150     150 H                     0.260586

151     151 C                     0.222913

152     152 C                    -0.850496

153     153 H                     0.265132

154     154 H                     0.258958

155     155 H                     0.273392

156     156 C                    -0.349929

157     157 H                     0.257882

158     158 C                    -0.247988

159     159 H                     0.263593

160     160 C                    -0.264774

161     161 H                     0.258768

162     162 C                    -0.410774

163     163 H                     0.245126

164     164 C                     0.399807

165     165 C                    -0.957550

166     166 H                     0.283177

167     167 H                     0.267823

168     168 H                     0.276429

169     169 C                    -0.344744

170     170 H                     0.231822

171     171 C                    -0.279160

172     172 H                     0.226021

173     173 C                    -0.364534

174     174 H                     0.235699

175     175 C                     0.280149

176     176 C                    -0.792468

177     177 H                     0.236191

178     178 H                     0.260229

179     179 H                     0.266399

180     180 C                    -0.340175

181     181 H                     0.274891

182     182 C                    -0.363159

183     183 H                     0.265711

184     184 C                     0.160268

185     185 C                     0.194006

186     186 C                    -0.939302

187     187 H                     0.269227

188     188 H                     0.259951

189     189 H                     0.283297

190     190 C                    -0.563989

191     191 H                     0.254271

192     192 H                     0.257483

193     193 C                    -0.548719

194     194 H                     0.272440

195     195 H                     0.253907

196     196 C                    -0.555719

197     197 H                     0.251027

198     198 H                     0.241257

199     199 C                     0.222804

200     200 C                    -0.886524

201     201 H                     0.264693

202     202 H                     0.239239

203     203 H                     0.268410

204     204 C                    -0.819962

205     205 H                     0.245308

206     206 H                     0.256213

207     207 H                     0.239701

