1 0.060129
2 -0.15131
3 -0.040505
4 0.035638
5 -0.236089
6 0.033572
7 -0.041489
8 -0.107286
9 -0.14429
10 -0.079799
11 -0.0977
12 -0.083673
13 -0.011595
14 0.129915
15 -0.042499
16 -0.219065
17 0.151364
18 -0.169078
19 0.099453
20 -0.09009
21 -0.407508
22 0.147564
23 0.295004
24 0.00543
25 -0.120296
26 0.077201
27 -0.102698
28 -0.011602
29 -0.010953
30 -0.018919
31 -0.087728
32 0.134749
33 -0.151236
34 0.192152
35 0.112971
36 -0.085588
37 0.201283
38 0.006044
39 -0.071529
40 0.14756
41 0.149113
42 0.065165
43 0.047169
44 -0.18768
45 -0.010811
46 -0.077663
47 0.012195
48 -0.046766
49 -0.187608
50 -0.178421
51 -0.149785
52 0.166245
53 0.09183
54 0.240521
55 -0.116992
56 -0.032068
57 -0.092028
58 0.060951
59 -0.127219
60 0.051769
61 -0.005831
62 0.059043
63 -0.634953
64 0.306697
65 0.313953
66 0.360152
67 -0.422067
68 0.294789
69 -0.376262
70 0.270443
71 0.396854
72 -0.36004
73 0.298541
74 -0.428855
75 0.306376
76 0.115531
77 0.180306
78 -0.41625
79 0.318445
80 -0.41196
81 0.296952
82 0.341755
83 -0.335038
84 0.403259
85 -0.489737
86 0.267884
87 0.219303
88 -0.407442
89 0.296386
90 -0.353358
91 0.305654
92 -0.040038
93 -0.07801
94 0.160193
95 0.210765
96 -0.342612
97 0.312199
98 -0.428256
99 0.292992
100 0.43075
101 -0.390485
102 0.397113
103 -0.462676
104 0.273426
105 0.165838
106 -0.411685
107 0.27687
108 -0.403335
109 0.326276
110 -0.025901
111 -0.05014
112 0.478791
113 -0.376951
114 0.30507
115 -0.377937
116 0.262757
117 0.345796
118 -0.467495
119 0.27713
120 -0.360577
121 0.292586
122 -0.475299
123 0.320171
124 -0.004607
125 -0.176873
126 0.211158
127 -0.548573
128 0.308253
129 0.460902
130 -0.394419
131 0.253467
132 -0.2582
133 0.266636
134 -0.355893
135 0.245153
136 -0.365582
137 0.252622
138 -0.365186
139 0.239419
140 0.36343
141 -0.893695
142 0.265423
143 0.26742
144 0.273495
145 -0.416233
146 0.273274
147 -0.23412
148 0.27653
149 -0.381307
150 0.260586
151 0.222913
152 -0.850496
153 0.265132
154 0.258958
155 0.273392
156 -0.349929
157 0.257882
158 -0.247988
159 0.263593
160 -0.264774
161 0.258768
162 -0.410774
163 0.245126
164 0.399807
165 -0.95755
166 0.283177
167 0.267823
168 0.276429
169 -0.344744
170 0.231822
171 -0.27916
172 0.226021
173 -0.364534
174 0.235699
175 0.280149
176 -0.792468
177 0.236191
178 0.260229
179 0.266399
180 -0.340175
181 0.274891
182 -0.363159
183 0.265711
184 0.160268
185 0.194006
186 -0.939302
187 0.269227
188 0.259951
189 0.283297
190 -0.563989
191 0.254271
192 0.257483
193 -0.548719
194 0.27244
195 0.253907
196 -0.555719
197 0.251027
198 0.241257
199 0.222804
200 -0.886524
201 0.264693
202 0.239239
203 0.26841
204 -0.819962
205 0.245308
206 0.256213
207 0.239701
