1       1 C                     0.092756

2       2 C                    -0.155532

3       3 C                    -0.062559

4       4 C                     0.078155

5       5 C                    -0.198737

6       6 C                     0.049803

7       7 C                    -0.063003

8       8 C                    -0.118021

9       9 C                    -0.140233

10      10 C                    -0.051333

11      11 C                    -0.096696

12      12 C                    -0.033419

13      13 C                    -0.042701

14      14 C                     0.119529

15      15 C                    -0.051599

16      16 C                    -0.214355

17      17 C                     0.161091

18      18 C                    -0.166695

19      19 C                     0.075622

20      20 C                    -0.113006

21      21 C                    -0.418909

22      22 C                     0.119120

23      23 C                     0.291683

24      24 C                     0.015286

25      25 C                    -0.094126

26      26 C                     0.073732

27      27 C                    -0.120238

28      28 C                     0.022344

29      29 C                     0.000691

30      30 C                    -0.019741

31      31 C                    -0.050655

32      32 C                     0.128019

33      33 C                    -0.158344

34      34 C                     0.187365

35      35 C                     0.071973

36      36 C                    -0.093801

37      37 C                     0.179243

38      38 C                     0.014621

39      39 C                    -0.057391

40      40 C                     0.136964

41      41 C                     0.138483

42      42 C                     0.086181

43      43 C                     0.043194

44      44 C                    -0.208337

45      45 C                    -0.001728

46      46 C                    -0.065189

47      47 C                    -0.023730

48      48 C                     0.017513

49      49 C                    -0.165396

50      50 C                    -0.230489

51      51 C                    -0.189373

52      52 C                     0.164606

53      53 C                     0.100091

54      54 C                     0.258979

55      55 C                    -0.099715

56      56 C                    -0.044001

57      57 C                    -0.130046

58      58 C                     0.023715

59      59 C                    -0.162263

60      60 C                     0.029017

61      61 C                    -0.006073

62      62 N                     0.058635

63      63 C                    -0.634246

64      64 H                     0.306686

65      65 H                     0.313791

66      66 C                     0.360417

67      67 C                    -0.417956

68      68 H                     0.294783

69      69 C                    -0.374915

70      70 H                     0.270545

71      71 C                     0.399479

72      72 C                    -0.357092

73      73 H                     0.298588

74      74 C                    -0.428444

75      75 H                     0.306392

76      76 C                     0.137066

77      77 C                     0.180133

78      78 C                    -0.414893

79      79 H                     0.318439

80      80 C                    -0.410454

81      81 H                     0.296974

82      82 C                     0.341210

83      83 N                    -0.333944

84      84 H                     0.403242

85      85 C                    -0.485302

86      86 H                     0.267888

87      87 C                     0.219033

88      88 C                    -0.406735

89      89 H                     0.296412

90      90 C                    -0.352685

91      91 H                     0.305656

92      92 C                    -0.040121

93      93 N                    -0.075926

94      94 C                     0.173171

95      95 C                     0.212678

96      96 C                    -0.340102

97      97 H                     0.312194

98      98 C                    -0.425455

99      99 H                     0.293018

100     100 C                     0.431539

101     101 N                    -0.389525

102     102 H                     0.397108

103     103 C                    -0.458023

104     104 H                     0.273422

105     105 C                     0.166974

106     106 C                    -0.410139

107     107 H                     0.276921

108     108 C                    -0.402386

109     109 H                     0.326269

110     110 C                    -0.025639

111     111 N                    -0.048841

112     112 C                     0.481888

113     113 C                    -0.376848

114     114 H                     0.305073

115     115 C                    -0.375047

116     116 H                     0.262786

117     117 C                     0.346465

118     118 C                    -0.467374

119     119 H                     0.277139

120     120 C                    -0.357505

121     121 H                     0.292590

122     122 N                    -0.474956

123     123 H                     0.320251

124     124 C                    -0.004385

125     125 O                    -0.176579

126     126 C                     0.211171

127     127 C                    -0.548554

128     128 H                     0.308253

129     129 C                     0.460911

130     130 C                    -0.394391

131     131 H                     0.253468

132     132 C                    -0.258198

133     133 H                     0.266637

134     134 C                    -0.355854

135     135 H                     0.245152

136     136 C                    -0.365582

137     137 H                     0.252622

138     138 C                    -0.365176

139     139 H                     0.239419

140     140 C                     0.363426

141     141 C                    -0.893696

142     142 H                     0.265423

143     143 H                     0.267420

144     144 H                     0.273495

145     145 C                    -0.416231

146     146 H                     0.273274

147     147 C                    -0.234121

148     148 H                     0.276531

149     149 C                    -0.381302

150     150 H                     0.260586

151     151 C                     0.222910

152     152 C                    -0.850496

153     153 H                     0.265132

154     154 H                     0.258959

155     155 H                     0.273391

156     156 C                    -0.349930

157     157 H                     0.257882

158     158 C                    -0.247989

159     159 H                     0.263593

160     160 C                    -0.264773

161     161 H                     0.258768

162     162 C                    -0.410776

163     163 H                     0.245126

164     164 C                     0.399808

165     165 C                    -0.957550

166     166 H                     0.283177

167     167 H                     0.267823

168     168 H                     0.276429

169     169 C                    -0.344744

170     170 H                     0.231822

171     171 C                    -0.279160

172     172 H                     0.226021

173     173 C                    -0.364535

174     174 H                     0.235699

175     175 C                     0.280149

176     176 C                    -0.792468

177     177 H                     0.236191

178     178 H                     0.260229

179     179 H                     0.266399

180     180 C                    -0.340175

181     181 H                     0.274891

182     182 C                    -0.363159

183     183 H                     0.265711

184     184 C                     0.160268

185     185 C                     0.194006

186     186 C                    -0.939302

187     187 H                     0.269227

188     188 H                     0.259951

189     189 H                     0.283297

190     190 C                    -0.563989

191     191 H                     0.254271

192     192 H                     0.257483

193     193 C                    -0.548719

194     194 H                     0.272440

195     195 H                     0.253907

196     196 C                    -0.555719

197     197 H                     0.251027

198     198 H                     0.241257

199     199 C                     0.222804

200     200 C                    -0.886524

201     201 H                     0.264693

202     202 H                     0.239239

203     203 H                     0.268410

204     204 C                    -0.819962

205     205 H                     0.245308

206     206 H                     0.256213

207     207 H                     0.239701

