1       1 C                     0.109002

2       2 C                    -0.144119

3       3 C                    -0.049516

4       4 C                     0.070027

5       5 C                    -0.173700

6       6 C                     0.050316

7       7 C                    -0.049072

8       8 C                    -0.077389

9       9 C                    -0.155764

10      10 C                    -0.016721

11      11 C                    -0.080437

12      12 C                    -0.034674

13      13 C                    -0.017365

14      14 C                     0.114597

15      15 C                     0.012871

16      16 C                    -0.203543

17      17 C                     0.186559

18      18 C                    -0.181855

19      19 C                     0.067267

20      20 C                    -0.109643

21      21 C                    -0.409758

22      22 C                     0.149809

23      23 C                     0.308193

24      24 C                     0.058951

25      25 C                    -0.124219

26      26 C                     0.057399

27      27 C                    -0.086537

28      28 C                     0.001602

29      29 C                     0.012327

30      30 C                     0.005602

31      31 C                    -0.034709

32      32 C                     0.158773

33      33 C                    -0.160787

34      34 C                     0.192131

35      35 C                     0.122822

36      36 C                    -0.079246

37      37 C                     0.181664

38      38 C                     0.028895

39      39 C                    -0.070279

40      40 C                     0.147150

41      41 C                     0.142878

42      42 C                     0.126849

43      43 C                     0.064167

44      44 C                    -0.144750

45      45 C                     0.017952

46      46 C                    -0.065262

47      47 C                     0.031656

48      48 C                     0.024619

49      49 C                    -0.173632

50      50 C                    -0.173625

51      51 C                    -0.153451

52      52 C                     0.196245

53      53 C                     0.096941

54      54 C                     0.271693

55      55 C                    -0.105640

56      56 C                    -0.015322

57      57 C                    -0.079421

58      58 C                     0.061145

59      59 C                    -0.121053

60      60 C                     0.042163

61      61 C                    -0.003283

62      62 N                     0.046416

63      63 C                    -0.630923

64      64 H                     0.306054

65      65 H                     0.312996

66      66 C                     0.349206

67      67 C                    -0.459493

68      68 H                     0.294741

69      69 C                    -0.376049

70      70 H                     0.270583

71      71 C                     0.354517

72      72 C                    -0.388673

73      73 H                     0.298560

74      74 C                    -0.431174

75      75 H                     0.306380

76      76 C                    -0.021531

77      77 C                     0.174484

78      78 C                    -0.421130

79      79 H                     0.318483

80      80 C                    -0.420107

81      81 H                     0.296882

82      82 C                     0.338818

83      83 N                    -0.353552

84      84 H                     0.403426

85      85 C                    -0.552146

86      86 H                     0.267315

87      87 C                     0.218659

88      88 C                    -0.410428

89      89 H                     0.295959

90      90 C                    -0.356047

91      91 H                     0.305618

92      92 C                    -0.041063

93      93 N                    -0.113677

94      94 C                     0.026641

95      95 C                     0.200127

96      96 C                    -0.350583

97      97 H                     0.312202

98      98 C                    -0.436856

99      99 H                     0.292855

100     100 C                     0.422256

101     101 N                    -0.434094

102     102 H                     0.397420

103     103 C                    -0.546542

104     104 H                     0.272942

105     105 C                     0.156579

106     106 C                    -0.432117

107     107 H                     0.276394

108     108 C                    -0.407882

109     109 H                     0.326305

110     110 C                    -0.039786

111     111 N                    -0.076890

112     112 C                     0.449451

113     113 C                    -0.377684

114     114 H                     0.305079

115     115 C                    -0.406421

116     116 H                     0.262767

117     117 C                     0.337719

118     118 C                    -0.469990

119     119 H                     0.277125

120     120 C                    -0.389927

121     121 H                     0.292570

122     122 N                    -0.481751

123     123 H                     0.319500

124     124 C                    -0.005595

125     125 O                    -0.179875

126     126 C                     0.211003

127     127 C                    -0.548647

128     128 H                     0.308255

129     129 C                     0.460859

130     130 C                    -0.394569

131     131 H                     0.253468

132     132 C                    -0.258201

133     133 H                     0.266635

134     134 C                    -0.356129

135     135 H                     0.245160

136     136 C                    -0.365595

137     137 H                     0.252622

138     138 C                    -0.365203

139     139 H                     0.239419

140     140 C                     0.363422

141     141 C                    -0.893696

142     142 H                     0.265423

143     143 H                     0.267420

144     144 H                     0.273495

145     145 C                    -0.416250

146     146 H                     0.273274

147     147 C                    -0.234124

148     148 H                     0.276531

149     149 C                    -0.381313

150     150 H                     0.260586

151     151 C                     0.222909

152     152 C                    -0.850496

153     153 H                     0.265132

154     154 H                     0.258959

155     155 H                     0.273391

156     156 C                    -0.349935

157     157 H                     0.257882

158     158 C                    -0.247990

159     159 H                     0.263593

160     160 C                    -0.264776

161     161 H                     0.258768

162     162 C                    -0.410776

163     163 H                     0.245126

164     164 C                     0.399806

165     165 C                    -0.957550

166     166 H                     0.283177

167     167 H                     0.267823

168     168 H                     0.276429

169     169 C                    -0.344745

170     170 H                     0.231822

171     171 C                    -0.279161

172     172 H                     0.226021

173     173 C                    -0.364536

174     174 H                     0.235699

175     175 C                     0.280148

176     176 C                    -0.792468

177     177 H                     0.236191

178     178 H                     0.260229

179     179 H                     0.266399

180     180 C                    -0.340175

181     181 H                     0.274891

182     182 C                    -0.363159

183     183 H                     0.265711

184     184 C                     0.160268

185     185 C                     0.194006

186     186 C                    -0.939302

187     187 H                     0.269227

188     188 H                     0.259951

189     189 H                     0.283297

190     190 C                    -0.563989

191     191 H                     0.254271

192     192 H                     0.257483

193     193 C                    -0.548719

194     194 H                     0.272440

195     195 H                     0.253907

196     196 C                    -0.555719

197     197 H                     0.251027

198     198 H                     0.241257

199     199 C                     0.222804

200     200 C                    -0.886524

201     201 H                     0.264693

202     202 H                     0.239239

203     203 H                     0.268410

204     204 C                    -0.819962

205     205 H                     0.245308

206     206 H                     0.256213

207     207 H                     0.239701

