1       1 C                     0.089026

2       2 C                    -0.160482

3       3 C                    -0.045573

4       4 C                     0.069718

5       5 C                    -0.183517

6       6 C                     0.033530

7       7 C                    -0.053269

8       8 C                    -0.082568

9       9 C                    -0.141910

10      10 C                    -0.030630

11      11 C                    -0.090177

12      12 C                    -0.040855

13      13 C                    -0.019128

14      14 C                     0.129914

15      15 C                    -0.023744

16      16 C                    -0.197465

17      17 C                     0.182775

18      18 C                    -0.162232

19      19 C                     0.078434

20      20 C                    -0.097641

21      21 C                    -0.409258

22      22 C                     0.130077

23      23 C                     0.317805

24      24 C                     0.023131

25      25 C                    -0.115001

26      26 C                     0.055246

27      27 C                    -0.103843

28      28 C                     0.012293

29      29 C                     0.006632

30      30 C                    -0.005366

31      31 C                    -0.055328

32      32 C                     0.149733

33      33 C                    -0.144074

34      34 C                     0.194332

35      35 C                     0.109945

36      36 C                    -0.083396

37      37 C                     0.179164

38      38 C                     0.019387

39      39 C                    -0.069251

40      40 C                     0.148625

41      41 C                     0.138267

42      42 C                     0.091253

43      43 C                     0.049996

44      44 C                    -0.176840

45      45 C                    -0.003390

46      46 C                    -0.076097

47      47 C                     0.024130

48      48 C                     0.003843

49      49 C                    -0.175996

50      50 C                    -0.173890

51      51 C                    -0.156884

52      52 C                     0.167164

53      53 C                     0.100366

54      54 C                     0.268703

55      55 C                    -0.103411

56      56 C                    -0.017845

57      57 C                    -0.087215

58      58 C                     0.054598

59      59 C                    -0.122453

60      60 C                     0.053486

61      61 C                    -0.006881

62      62 N                     0.048402

63      63 C                    -0.634795

64      64 H                     0.306140

65      65 H                     0.313205

66      66 C                     0.352601

67      67 C                    -0.443602

68      68 H                     0.294780

69      69 C                    -0.377534

70      70 H                     0.270421

71      71 C                     0.361000

72      72 C                    -0.390960

73      73 H                     0.298556

74      74 C                    -0.429371

75      75 H                     0.306315

76      76 C                    -0.015853

77      77 C                     0.181199

78      78 C                    -0.421759

79      79 H                     0.318497

80      80 C                    -0.427340

81      81 H                     0.296808

82      82 C                     0.354225

83      83 N                    -0.342336

84      84 H                     0.403283

85      85 C                    -0.534065

86      86 H                     0.267788

87      87 C                     0.228512

88      88 C                    -0.410823

89      89 H                     0.296201

90      90 C                    -0.354091

91      91 H                     0.305635

92      92 C                    -0.033451

93      93 N                    -0.097957

94      94 C                     0.082028

95      95 C                     0.199920

96      96 C                    -0.358284

97      97 H                     0.312227

98      98 C                    -0.446237

99      99 H                     0.292825

100     100 C                     0.429003

101     101 N                    -0.396417

102     102 H                     0.397186

103     103 C                    -0.496544

104     104 H                     0.273445

105     105 C                     0.164704

106     106 C                    -0.412349

107     107 H                     0.276577

108     108 C                    -0.410053

109     109 H                     0.326278

110     110 C                    -0.018512

111     111 N                    -0.065698

112     112 C                     0.462913

113     113 C                    -0.377324

114     114 H                     0.305050

115     115 C                    -0.393724

116     116 H                     0.262573

117     117 C                     0.343388

118     118 C                    -0.467597

119     119 H                     0.277074

120     120 C                    -0.377895

121     121 H                     0.292584

122     122 N                    -0.476405

123     123 H                     0.319764

124     124 C                    -0.005742

125     125 O                    -0.178106

126     126 C                     0.211099

127     127 C                    -0.548675

128     128 H                     0.308252

129     129 C                     0.460869

130     130 C                    -0.394534

131     131 H                     0.253467

132     132 C                    -0.258206

133     133 H                     0.266635

134     134 C                    -0.356054

135     135 H                     0.245156

136     136 C                    -0.365579

137     137 H                     0.252622

138     138 C                    -0.365226

139     139 H                     0.239419

140     140 C                     0.363453

141     141 C                    -0.893694

142     142 H                     0.265424

143     143 H                     0.267420

144     144 H                     0.273495

145     145 C                    -0.416234

146     146 H                     0.273273

147     147 C                    -0.234114

148     148 H                     0.276530

149     149 C                    -0.381323

150     150 H                     0.260585

151     151 C                     0.222928

152     152 C                    -0.850496

153     153 H                     0.265132

154     154 H                     0.258956

155     155 H                     0.273393

156     156 C                    -0.349919

157     157 H                     0.257881

158     158 C                    -0.247983

159     159 H                     0.263593

160     160 C                    -0.264777

161     161 H                     0.258768

162     162 C                    -0.410766

163     163 H                     0.245126

164     164 C                     0.399809

165     165 C                    -0.957549

166     166 H                     0.283177

167     167 H                     0.267822

168     168 H                     0.276429

169     169 C                    -0.344740

170     170 H                     0.231822

171     171 C                    -0.279160

172     172 H                     0.226021

173     173 C                    -0.364530

174     174 H                     0.235699

175     175 C                     0.280151

176     176 C                    -0.792468

177     177 H                     0.236191

178     178 H                     0.260229

179     179 H                     0.266399

180     180 C                    -0.340174

181     181 H                     0.274891

182     182 C                    -0.363159

183     183 H                     0.265711

184     184 C                     0.160269

185     185 C                     0.194007

186     186 C                    -0.939302

187     187 H                     0.269228

188     188 H                     0.259951

189     189 H                     0.283297

190     190 C                    -0.563989

191     191 H                     0.254271

192     192 H                     0.257484

193     193 C                    -0.548719

194     194 H                     0.272440

195     195 H                     0.253907

196     196 C                    -0.555719

197     197 H                     0.251027

198     198 H                     0.241257

199     199 C                     0.222805

200     200 C                    -0.886524

201     201 H                     0.264693

202     202 H                     0.239239

203     203 H                     0.268410

204     204 C                    -0.819962

205     205 H                     0.245308

206     206 H                     0.256213

207     207 H                     0.239701

