1       1 C                     0.091630

2       2 C                    -0.147051

3       3 C                    -0.040619

4       4 C                     0.073335

5       5 C                    -0.184277

6       6 C                     0.040319

7       7 C                    -0.044741

8       8 C                    -0.082701

9       9 C                    -0.128474

10      10 C                    -0.025646

11      11 C                    -0.085435

12      12 C                    -0.035524

13      13 C                    -0.007856

14      14 C                     0.136840

15      15 C                    -0.028445

16      16 C                    -0.192697

17      17 C                     0.182873

18      18 C                    -0.154045

19      19 C                     0.089486

20      20 C                    -0.093563

21      21 C                    -0.409901

22      22 C                     0.149189

23      23 C                     0.318040

24      24 C                     0.024851

25      25 C                    -0.096340

26      26 C                     0.074128

27      27 C                    -0.099386

28      28 C                     0.026617

29      29 C                     0.010041

30      30 C                    -0.006834

31      31 C                    -0.053353

32      32 C                     0.147538

33      33 C                    -0.140325

34      34 C                     0.200693

35      35 C                     0.107728

36      36 C                    -0.083520

37      37 C                     0.190650

38      38 C                     0.024361

39      39 C                    -0.053580

40      40 C                     0.161371

41      41 C                     0.150395

42      42 C                     0.086734

43      43 C                     0.047084

44      44 C                    -0.174956

45      45 C                    -0.001640

46      46 C                    -0.066223

47      47 C                     0.021968

48      48 C                     0.007495

49      49 C                    -0.160496

50      50 C                    -0.171808

51      51 C                    -0.153321

52      52 C                     0.168633

53      53 C                     0.107109

54      54 C                     0.269366

55      55 C                    -0.092728

56      56 C                    -0.017978

57      57 C                    -0.082108

58      58 C                     0.057794

59      59 C                    -0.121034

60      60 C                     0.058587

61      61 C                    -0.007307

62      62 N                     0.036644

63      63 C                    -0.634113

64      64 H                     0.305083

65      65 H                     0.312536

66      66 C                     0.346395

67      67 C                    -0.499783

68      68 H                     0.294501

69      69 C                    -0.376958

70      70 H                     0.270322

71      71 C                     0.326359

72      72 C                    -0.423566

73      73 H                     0.298396

74      74 C                    -0.431556

75      75 H                     0.306294

76      76 C                    -0.277417

77      77 C                     0.163315

78      78 C                    -0.448237

79      79 H                     0.318566

80      80 C                    -0.428232

81      81 H                     0.296489

82      82 C                     0.312215

83      83 N                    -0.356845

84      84 H                     0.409251

85      85 C                    -0.550709

86      86 H                     0.267366

87      87 C                     0.200843

88      88 C                    -0.412150

89      89 H                     0.295821

90      90 C                    -0.369446

91      91 H                     0.305623

92      92 C                    -0.046397

93      93 N                    -0.118997

94      94 C                    -0.041251

95      95 C                     0.202041

96      96 C                    -0.362405

97      97 H                     0.312203

98      98 C                    -0.434143

99      99 H                     0.292704

100     100 C                     0.392902

101     101 N                    -0.445018

102     102 H                     0.412954

103     103 C                    -0.545711

104     104 H                     0.272968

105     105 C                     0.148223

106     106 C                    -0.409275

107     107 H                     0.290407

108     108 C                    -0.427286

109     109 H                     0.333554

110     110 C                    -0.033074

111     111 N                     0.560139

112     112 C                     0.440645

113     113 C                    -0.377668

114     114 H                     0.305067

115     115 C                    -0.417395

116     116 H                     0.262806

117     117 C                     0.337955

118     118 C                    -0.469910

119     119 H                     0.277092

120     120 C                    -0.401338

121     121 H                     0.292528

122     122 N                    -0.482479

123     123 H                     0.319287

124     124 C                    -0.005999

125     125 O                    -0.180400

126     126 C                     0.210961

127     127 C                    -0.548680

128     128 H                     0.308255

129     129 C                     0.460853

130     130 C                    -0.394597

131     131 H                     0.253468

132     132 C                    -0.258202

133     133 H                     0.266635

134     134 C                    -0.356173

135     135 H                     0.245161

136     136 C                    -0.365595

137     137 H                     0.252622

138     138 C                    -0.365206

139     139 H                     0.239419

140     140 C                     0.363424

141     141 C                    -0.893696

142     142 H                     0.265423

143     143 H                     0.267420

144     144 H                     0.273495

145     145 C                    -0.416250

146     146 H                     0.273274

147     147 C                    -0.234123

148     148 H                     0.276531

149     149 C                    -0.381314

150     150 H                     0.260586

151     151 C                     0.222910

152     152 C                    -0.850496

153     153 H                     0.265132

154     154 H                     0.258959

155     155 H                     0.273391

156     156 C                    -0.349934

157     157 H                     0.257882

158     158 C                    -0.247989

159     159 H                     0.263593

160     160 C                    -0.264776

161     161 H                     0.258768

162     162 C                    -0.410776

163     163 H                     0.245126

164     164 C                     0.399806

165     165 C                    -0.957550

166     166 H                     0.283177

167     167 H                     0.267823

168     168 H                     0.276429

169     169 C                    -0.344744

170     170 H                     0.231822

171     171 C                    -0.279161

172     172 H                     0.226021

173     173 C                    -0.364535

174     174 H                     0.235699

175     175 C                     0.280148

176     176 C                    -0.792468

177     177 H                     0.236191

178     178 H                     0.260229

179     179 H                     0.266399

180     180 C                    -0.340175

181     181 H                     0.274891

182     182 C                    -0.363159

183     183 H                     0.265711

184     184 C                     0.160268

185     185 C                     0.194006

186     186 C                    -0.939302

187     187 H                     0.269227

188     188 H                     0.259951

189     189 H                     0.283297

190     190 C                    -0.563989

191     191 H                     0.254271

192     192 H                     0.257483

193     193 C                    -0.548719

194     194 H                     0.272440

195     195 H                     0.253907

196     196 C                    -0.555719

197     197 H                     0.251027

198     198 H                     0.241257

199     199 C                     0.222804

200     200 C                    -0.886524

201     201 H                     0.264693

202     202 H                     0.239239

203     203 H                     0.268410

204     204 C                    -0.819962

205     205 H                     0.245308

206     206 H                     0.256213

207     207 H                     0.239701

