1 0.091998
2 -0.145122
3 -0.039803
4 0.073647
5 -0.184307
6 0.042435
7 -0.044058
8 -0.082497
9 -0.127982
10 -0.025049
11 -0.085176
12 -0.035803
13 -0.007231
14 0.137189
15 -0.028395
16 -0.192332
17 0.183424
18 -0.153005
19 0.090098
20 -0.092848
21 -0.410009
22 0.151889
23 0.32106
24 0.024873
25 -0.095641
26 0.076515
27 -0.099348
28 0.027206
29 0.010532
30 -0.006768
31 -0.051211
32 0.147458
33 -0.139564
34 0.200873
35 0.107353
36 -0.083475
37 0.192591
38 0.025623
39 -0.052606
40 0.16184
41 0.151324
42 0.086995
43 0.047728
44 -0.175456
45 -0.000979
46 -0.06551
47 0.02161
48 0.007492
49 -0.160307
50 -0.171554
51 -0.153274
52 0.169256
53 0.107155
54 0.269709
55 -0.092787
56 -0.017841
57 -0.081626
58 0.058067
59 -0.120864
60 0.059492
61 -0.004184
62 0.046444
63 -0.633962
64 0.305742
65 0.312985
66 0.349703
67 -0.459007
68 0.294746
69 -0.375509
70 0.270539
71 0.354283
72 -0.388402
73 0.298562
74 -0.430776
75 0.306366
76 -0.02171
77 0.174539
78 -0.421123
79 0.318483
80 -0.420083
81 0.296882
82 0.338835
83 -0.35357
84 0.403426
85 -0.552165
86 0.267315
87 0.21867
88 -0.410431
89 0.295959
90 -0.356037
91 0.305618
92 -0.041067
93 -0.113686
94 0.026652
95 0.200116
96 -0.35057
97 0.312202
98 -0.436865
99 0.292856
100 0.422285
101 -0.434095
102 0.39742
103 -0.546583
104 0.272942
105 0.156646
106 -0.432039
107 0.276394
108 -0.407832
109 0.326305
110 -0.03969
111 -0.076929
112 0.449444
113 -0.377685
114 0.305079
115 -0.406425
116 0.262767
117 0.33771
118 -0.469992
119 0.277125
120 -0.38993
121 0.29257
122 -0.481754
123 0.3195
124 -0.005595
125 -0.179877
126 0.211003
127 -0.548647
128 0.308255
129 0.460859
130 -0.394569
131 0.253468
132 -0.258201
133 0.266635
134 -0.35613
135 0.24516
136 -0.365595
137 0.252622
138 -0.365203
139 0.239419
140 0.363422
141 -0.893696
142 0.265423
143 0.26742
144 0.273495
145 -0.41625
146 0.273274
147 -0.234124
148 0.276531
149 -0.381313
150 0.260586
151 0.222909
152 -0.850496
153 0.265132
154 0.258959
155 0.273391
156 -0.349935
157 0.257882
158 -0.24799
159 0.263593
160 -0.264776
161 0.258768
162 -0.410776
163 0.245126
164 0.399806
165 -0.95755
166 0.283177
167 0.267823
168 0.276429
169 -0.344745
170 0.231822
171 -0.279161
172 0.226021
173 -0.364536
174 0.235699
175 0.280148
176 -0.792468
177 0.236191
178 0.260229
179 0.266399
180 -0.340175
181 0.274891
182 -0.363159
183 0.265711
184 0.160268
185 0.194006
186 -0.939302
187 0.269227
188 0.259951
189 0.283297
190 -0.563989
191 0.254271
192 0.257483
193 -0.548719
194 0.27244
195 0.253907
196 -0.555719
197 0.251027
198 0.241257
199 0.222804
200 -0.886524
201 0.264693
202 0.239239
203 0.26841
204 -0.819962
205 0.245308
206 0.256213
207 0.239701
