1       1 C                     0.087945

2       2 C                    -0.168155

3       3 C                    -0.048353

4       4 C                     0.070536

5       5 C                    -0.183708

6       6 C                     0.017778

7       7 C                    -0.052381

8       8 C                    -0.084524

9       9 C                    -0.133728

10      10 C                    -0.032213

11      11 C                    -0.088223

12      12 C                    -0.032784

13      13 C                    -0.014459

14      14 C                     0.133093

15      15 C                    -0.029043

16      16 C                    -0.196387

17      17 C                     0.176532

18      18 C                    -0.165366

19      19 C                     0.082503

20      20 C                    -0.101621

21      21 C                    -0.409977

22      22 C                     0.124462

23      23 C                     0.291876

24      24 C                     0.022624

25      25 C                    -0.103859

26      26 C                     0.052240

27      27 C                    -0.099727

28      28 C                     0.020493

29      29 C                     0.005207

30      30 C                    -0.007742

31      31 C                    -0.073550

32      32 C                     0.148341

33      33 C                    -0.148825

34      34 C                     0.198325

35      35 C                     0.111798

36      36 C                    -0.083523

37      37 C                     0.170110

38      38 C                     0.010760

39      39 C                    -0.062590

40      40 C                     0.156040

41      41 C                     0.140967

42      42 C                     0.084534

43      43 C                     0.041313

44      44 C                    -0.170714

45      45 C                    -0.009038

46      46 C                    -0.074610

47      47 C                     0.025097

48      48 C                     0.007623

49      49 C                    -0.162872

50      50 C                    -0.174598

51      51 C                    -0.153595

52      52 C                     0.161641

53      53 C                     0.106657

54      54 C                     0.265857

55      55 C                    -0.092186

56      56 C                    -0.019439

57      57 C                    -0.087129

58      58 C                     0.055030

59      59 C                    -0.122669

60      60 C                     0.048637

61      61 C                    -0.014906

62      62 N                     0.041304

63      63 C                    -0.633588

64      64 H                     0.305334

65      65 H                     0.312795

66      66 C                     0.349412

67      67 C                    -0.459452

68      68 H                     0.294589

69      69 C                    -0.377170

70      70 H                     0.270186

71      71 C                     0.369917

72      72 C                    -0.379394

73      73 H                     0.298468

74      74 C                    -0.433396

75      75 H                     0.306293

76      76 C                    -0.021965

77      77 C                     0.180812

78      78 C                    -0.427496

79      79 H                     0.318480

80      80 C                    -0.413189

81      81 H                     0.296826

82      82 C                     0.331839

83      83 N                    -0.343471

84      84 H                     0.403352

85      85 C                    -0.501719

86      86 H                     0.267874

87      87 C                     0.213032

88      88 C                    -0.413611

89      89 H                     0.296309

90      90 C                    -0.362852

91      91 H                     0.305665

92      92 C                    -0.045623

93      93 N                    -0.078548

94      94 C                     0.099532

95      95 C                     0.212174

96      96 C                    -0.352428

97      97 H                     0.312227

98      98 C                    -0.429700

99      99 H                     0.292921

100     100 C                     0.415640

101     101 N                    -0.407346

102     102 H                     0.397996

103     103 C                    -0.479781

104     104 H                     0.273345

105     105 C                     0.144038

106     106 C                    -0.431967

107     107 H                     0.276249

108     108 C                    -0.413867

109     109 H                     0.326782

110     110 C                    -0.046032

111     111 N                     0.011724

112     112 C                     0.467383

113     113 C                    -0.377088

114     114 H                     0.305054

115     115 C                    -0.389250

116     116 H                     0.262730

117     117 C                     0.345470

118     118 C                    -0.467723

119     119 H                     0.277096

120     120 C                    -0.372693

121     121 H                     0.292569

122     122 N                    -0.476128

123     123 H                     0.319873

124     124 C                    -0.005435

125     125 O                    -0.177790

126     126 C                     0.211130

127     127 C                    -0.548646

128     128 H                     0.308252

129     129 C                     0.460875

130     130 C                    -0.394499

131     131 H                     0.253467

132     132 C                    -0.258204

133     133 H                     0.266635

134     134 C                    -0.356015

135     135 H                     0.245155

136     136 C                    -0.365578

137     137 H                     0.252622

138     138 C                    -0.365219

139     139 H                     0.239419

140     140 C                     0.363449

141     141 C                    -0.893694

142     142 H                     0.265423

143     143 H                     0.267420

144     144 H                     0.273495

145     145 C                    -0.416234

146     146 H                     0.273273

147     147 C                    -0.234115

148     148 H                     0.276530

149     149 C                    -0.381320

150     150 H                     0.260585

151     151 C                     0.222924

152     152 C                    -0.850496

153     153 H                     0.265132

154     154 H                     0.258956

155     155 H                     0.273393

156     156 C                    -0.349922

157     157 H                     0.257881

158     158 C                    -0.247985

159     159 H                     0.263593

160     160 C                    -0.264777

161     161 H                     0.258768

162     162 C                    -0.410768

163     163 H                     0.245126

164     164 C                     0.399808

165     165 C                    -0.957549

166     166 H                     0.283177

167     167 H                     0.267822

168     168 H                     0.276429

169     169 C                    -0.344741

170     170 H                     0.231822

171     171 C                    -0.279160

172     172 H                     0.226021

173     173 C                    -0.364531

174     174 H                     0.235699

175     175 C                     0.280150

176     176 C                    -0.792468

177     177 H                     0.236191

178     178 H                     0.260229

179     179 H                     0.266399

180     180 C                    -0.340174

181     181 H                     0.274891

182     182 C                    -0.363159

183     183 H                     0.265711

184     184 C                     0.160269

185     185 C                     0.194007

186     186 C                    -0.939302

187     187 H                     0.269228

188     188 H                     0.259951

189     189 H                     0.283297

190     190 C                    -0.563989

191     191 H                     0.254271

192     192 H                     0.257484

193     193 C                    -0.548719

194     194 H                     0.272440

195     195 H                     0.253907

196     196 C                    -0.555719

197     197 H                     0.251027

198     198 H                     0.241257

199     199 C                     0.222805

200     200 C                    -0.886524

201     201 H                     0.264693

202     202 H                     0.239239

203     203 H                     0.268410

204     204 C                    -0.819962

205     205 H                     0.245308

206     206 H                     0.256213

207     207 H                     0.239701

