1 0.089026
2 -0.160482
3 -0.045573
4 0.069718
5 -0.183517
6 0.03353
7 -0.053269
8 -0.082568
9 -0.14191
10 -0.03063
11 -0.090177
12 -0.040855
13 -0.019128
14 0.129914
15 -0.023744
16 -0.197465
17 0.182775
18 -0.162232
19 0.078434
20 -0.097641
21 -0.409258
22 0.130077
23 0.317805
24 0.023131
25 -0.115001
26 0.055246
27 -0.103843
28 0.012293
29 0.006632
30 -0.005366
31 -0.055328
32 0.149733
33 -0.144074
34 0.194332
35 0.109945
36 -0.083396
37 0.179164
38 0.019387
39 -0.069251
40 0.148625
41 0.138267
42 0.091253
43 0.049996
44 -0.17684
45 -0.00339
46 -0.076097
47 0.02413
48 0.003843
49 -0.175996
50 -0.17389
51 -0.156884
52 0.167164
53 0.100366
54 0.268703
55 -0.103411
56 -0.017845
57 -0.087215
58 0.054598
59 -0.122453
60 0.053486
61 -0.006881
62 0.048402
63 -0.634795
64 0.30614
65 0.313205
66 0.352601
67 -0.443602
68 0.29478
69 -0.377534
70 0.270421
71 0.361
72 -0.39096
73 0.298556
74 -0.429371
75 0.306315
76 -0.015853
77 0.181199
78 -0.421759
79 0.318497
80 -0.42734
81 0.296808
82 0.354225
83 -0.342336
84 0.403283
85 -0.534065
86 0.267788
87 0.228512
88 -0.410823
89 0.296201
90 -0.354091
91 0.305635
92 -0.033451
93 -0.097957
94 0.082028
95 0.19992
96 -0.358284
97 0.312227
98 -0.446237
99 0.292825
100 0.429003
101 -0.396417
102 0.397186
103 -0.496544
104 0.273445
105 0.164704
106 -0.412349
107 0.276577
108 -0.410053
109 0.326278
110 -0.018512
111 -0.065698
112 0.462913
113 -0.377324
114 0.30505
115 -0.393724
116 0.262573
117 0.343388
118 -0.467597
119 0.277074
120 -0.377895
121 0.292584
122 -0.476405
123 0.319764
124 -0.005742
125 -0.178106
126 0.211099
127 -0.548675
128 0.308252
129 0.460869
130 -0.394534
131 0.253467
132 -0.258206
133 0.266635
134 -0.356054
135 0.245156
136 -0.365579
137 0.252622
138 -0.365226
139 0.239419
140 0.363453
141 -0.893694
142 0.265424
143 0.26742
144 0.273495
145 -0.416234
146 0.273273
147 -0.234114
148 0.27653
149 -0.381323
150 0.260585
151 0.222928
152 -0.850496
153 0.265132
154 0.258956
155 0.273393
156 -0.349919
157 0.257881
158 -0.247983
159 0.263593
160 -0.264777
161 0.258768
162 -0.410766
163 0.245126
164 0.399809
165 -0.957549
166 0.283177
167 0.267822
168 0.276429
169 -0.34474
170 0.231822
171 -0.27916
172 0.226021
173 -0.36453
174 0.235699
175 0.280151
176 -0.792468
177 0.236191
178 0.260229
179 0.266399
180 -0.340174
181 0.274891
182 -0.363159
183 0.265711
184 0.160269
185 0.194007
186 -0.939302
187 0.269228
188 0.259951
189 0.283297
190 -0.563989
191 0.254271
192 0.257484
193 -0.548719
194 0.27244
195 0.253907
196 -0.555719
197 0.251027
198 0.241257
199 0.222805
200 -0.886524
201 0.264693
202 0.239239
203 0.26841
204 -0.819962
205 0.245308
206 0.256213
207 0.239701
