    1    2   0.111861  -0.111861   0.223723   -0.002335626   0.359315   1.203324

    1    3  -0.005957   0.005957  -0.011914    -0.01121309   0.425612   0.356337

    1    4  -0.000592   0.000592  -0.001184   -0.001770679   0.423520   0.358525

    1    5  -0.094629   0.094629  -0.189258     0.03050157   0.361185   0.998313

    1    6   0.082933  -0.082933   0.165866    -0.03743347   0.382544   1.095267

    1    7  -0.042177   0.042177  -0.084355     0.01009882   0.419385   2.153276

    1    8  -0.002628   0.002628  -0.005256    -0.01505153   0.423854   0.345891

    1    9   0.000180  -0.000180   0.000360     0.00157335   0.423500   0.355692

    1   10  -0.002223   0.002223  -0.004446    -0.02717984   0.423797   0.357359

    1   11  -0.004027   0.004027  -0.008053     -0.0539047   0.424525   0.360335

    1   12   0.002279  -0.002279   0.004558     0.03136237   0.423796   0.353764

    1   13  -0.003847   0.003847  -0.007695    -0.05792497   0.424327   0.352028

    1   14   0.000739  -0.000739   0.001478     0.01311733   0.423532   0.358504

    1   15   0.000571  -0.000571   0.001142    -0.06304549   0.423388   0.435265

    1   16   0.001506  -0.001506   0.003013   -0.001061754   0.423494   2.323174

    1   17  -0.003209   0.003209  -0.006417      -0.253238   0.426099   0.407663

    1   18   0.000291  -0.000291   0.000582     0.00863182   0.423505   0.368927

    1   19  -0.000155   0.000155  -0.000311    -0.00469216   0.423500   0.365715

    1   20   0.000736  -0.000736   0.001471     0.03567703   0.423555   0.385238

    1   21  -0.000285   0.000285  -0.000569   0.0002863372   0.423498   2.271422

    1   22  -0.001830   0.001830  -0.003660     0.06327756   0.423256   0.478766

    1   23   0.000054  -0.000054   0.000109  -5.697448E-05   0.423498   2.331695

    1   24  -0.000282   0.000282  -0.000564     -0.2858421   0.423664   0.421579

    1   25  -0.003655   0.003655  -0.007309     -0.2017613   0.424901   0.385412

    2    3  -0.020761   0.020761  -0.041522   -0.002982149   1.141343   0.356248

    2    4  -0.002173   0.002173  -0.004346  -0.0004921047   1.139165   0.358522

    2    5  -0.330813   0.330813  -0.661626    -0.04639181   1.706947   0.368193

    2    6   0.290172  -0.290172   0.580344     0.07581734   1.678619   0.514834

    2    7  -0.146427   0.146427  -0.292854      0.0498559   1.060371   2.227932

    2    8  -0.009098   0.009098  -0.018195   -0.004915888   1.139558   0.345830

    2    9   0.000674  -0.000674   0.001347   0.0004951132   1.139143   0.355691

    2   10  -0.008181   0.008181  -0.016363   -0.008311714   1.139483   0.357316

    2   11  -0.014121   0.014121  -0.028243    -0.01524204   1.140165   0.360337

    2   12   0.008392  -0.008392   0.016785     0.01010483   1.139499   0.353703

    2   13  -0.013388   0.013388  -0.026777    -0.01819293   1.140051   0.351945

    2   14   0.002505  -0.002505   0.005011    0.003647822   1.139173   0.358505

    2   15   0.001650  -0.001650   0.003300    0.003033153   1.139156   0.435139

    2   16   0.004919  -0.004919   0.009837   -0.005488601   1.139059   2.323251

    2   17  -0.011044   0.011044  -0.022087    -0.02173977   1.139809   0.409595

    2   18   0.001113  -0.001113   0.002227    0.002312827   1.139147   0.368927

    2   19  -0.000398   0.000398  -0.000795  -0.0008882599   1.139141   0.365716

    2   20   0.002299  -0.002299   0.004599    0.005613947   1.139169   0.385267

    2   21  -0.000322   0.000322  -0.000645    0.000524385   1.139140   2.271422

    2   22  -0.005399   0.005399  -0.010798    -0.01553608   1.139317   0.478347

    2   23   0.000040  -0.000040   0.000080  -6.601943E-05   1.139140   2.331695

    2   24   0.000691  -0.000691   0.001383    0.002018796   1.139143   0.421742

    2   25  -0.014732   0.014732  -0.029464    -0.04221497   1.140293   0.385663

    3    4  -0.000958   0.000958  -0.001917     0.01599579   0.356581   0.360415

    3    5   0.017776  -0.017776   0.035553   -0.002290183   0.356270   0.938180

    3    6  -0.015683   0.015683  -0.031366    0.004294158   0.357039   1.055724

    3    7   0.007307  -0.007307   0.014613    -0.00116176   0.358331   2.149282

    3    8   0.002664  -0.002664   0.005328     0.05197799   0.360449   0.344249

    3    9   0.000778  -0.000778   0.001556     0.08667191   0.359151   0.354993

    3   10  -0.001542   0.001542  -0.003085     -0.1690745   0.361164   0.354944

    3   11   0.000857  -0.000857   0.001714     -0.1388953   0.357658   0.362154

    3   12   0.000461  -0.000461   0.000922     0.08074385   0.358636   0.353876

    3   13   0.000670  -0.000670   0.001339      0.1034461   0.358755   0.352552

    3   14  -0.000905   0.000905  -0.001810       0.255895   0.356684   0.360304

    3   15  -0.003411   0.003411  -0.006822     0.05172548   0.357848   0.435756

    3   16   0.000514  -0.000514   0.001028  -0.0003161273   0.358450   2.323170

    3   17   0.003920  -0.003920   0.007839     -0.0959181   0.357290   0.411423

    3   18  -0.002076   0.002076  -0.004151      0.2308624   0.357006   0.370378

    3   19  -0.000545   0.000545  -0.001090      0.1159576   0.358291   0.365877

    3   20  -0.002214   0.002214  -0.004428       0.135328   0.357739   0.386006

    3   21   0.000128  -0.000128   0.000255  -0.0001153722   0.358450   2.271422

    3   22   0.000289  -0.000289   0.000577   -0.004302222   0.358448   0.478526

    3   23   0.000004  -0.000004   0.000007  -3.418431E-06   0.358450   2.331695

    3   24  -0.000573   0.000573  -0.001146     0.01793581   0.358430   0.421765

    3   25   0.001185  -0.001185   0.002370    -0.08444663   0.358254   0.387012

    4    5   0.002748  -0.002748   0.005496  -5.216958E-05   0.358494   0.936052

    4    6  -0.004804   0.004804  -0.009608   0.0008786398   0.358413   1.054446

    4    7  -0.006210   0.006210  -0.012420   0.0007655319   0.358460   2.149249

    4    8  -0.001242   0.001242  -0.002484    -0.02360973   0.359029   0.345764

    4    9   0.001572  -0.001572   0.003144     0.09086341   0.360572   0.353668

    4   10   0.001134  -0.001134   0.002268       0.151584   0.360413   0.355791

    4   11   0.000100  -0.000100   0.000200    -0.02337625   0.358532   0.361375

    4   12   0.001197  -0.001197   0.002394      0.1403976   0.359584   0.353024

    4   13  -0.000483   0.000483  -0.000966    -0.07187072   0.358706   0.352696

    4   14  -0.000026   0.000026  -0.000053     -0.2391867   0.358595   0.358489

    4   15   0.000274  -0.000274   0.000549   -0.004002603   0.358542   0.435158

    4   16   0.000303  -0.000303   0.000607  -0.0001767492   0.358546   2.323169

    4   17   0.001114  -0.001114   0.002227    -0.02704644   0.358450   0.410359

    4   18  -0.000842   0.000842  -0.001685      0.1098062   0.358280   0.369199

    4   19  -0.000280   0.000280  -0.000560      0.0597781   0.358503   0.365761

    4   20   0.000101  -0.000101   0.000203   -0.006312749   0.358545   0.385296

    4   21  -0.000016   0.000016  -0.000032   1.395775E-05   0.358546   2.271422

    4   22  -0.002156   0.002156  -0.004311     0.03091931   0.358391   0.478678

    4   23   0.000020  -0.000020   0.000041  -1.850489E-05   0.358546   2.331695

    4   24  -0.000578   0.000578  -0.001157     0.01754656   0.358525   0.421766

    4   25   0.000391  -0.000391   0.000781    -0.02739591   0.358525   0.386837

    5    6  -0.280183   0.280183  -0.560365     0.02892354   0.431677   1.558636

    5    7   0.040515  -0.040515   0.081030   -0.006944589   0.930611   2.154551

    5    8   0.004135  -0.004135   0.008269    0.001689967   0.936116   0.346131

    5    9   0.004395  -0.004395   0.008789    0.002938008   0.936133   0.355560

    5   10   0.010287  -0.010287   0.020574     0.01076769   0.936731   0.356927

    5   11   0.011450  -0.011450   0.022899       0.012989   0.936911   0.360450

    5   12  -0.005488   0.005488  -0.010975   -0.007146519   0.936207   0.353855

    5   13   0.010886  -0.010886   0.021773     0.01644172   0.936811   0.352044

    5   14   0.001329  -0.001329   0.002658    0.002183846   0.936012   0.358525

    5   15  -0.001932   0.001932  -0.003864   -0.004267555   0.936029   0.435125

    5   16   0.001697  -0.001697   0.003393   -0.001386507   0.935991   2.323177

    5   17   0.008693  -0.008693   0.017387     0.02061964   0.936574   0.409689

    5   18  -0.000960   0.000960  -0.001919   -0.002390318   0.936006   0.368927

    5   19  -0.000790   0.000790  -0.001580   -0.002133255   0.936004   0.365713

    5   20  -0.002753   0.002753  -0.005507   -0.008262728   0.936055   0.385240

    5   21   0.000062  -0.000062   0.000124  -7.661144E-05   0.936000   2.271422

    5   22   0.002763  -0.002763   0.005525     0.01034912   0.936066   0.478457

    5   23   0.000030  -0.000030   0.000061  -3.904375E-05   0.936000   2.331695

    5   24  -0.009034   0.009034  -0.018068    -0.03342385   0.936634   0.421110

    5   25   0.018851  -0.018851   0.037703     0.06715194   0.938576   0.384239

    6    7   0.220913  -0.220913   0.441825    -0.01467393   0.898258   2.305217

    6    8   0.007227  -0.007227   0.014455    0.001272842   1.054608   0.345952

    6    9  -0.019675   0.019675  -0.039351   -0.007606863   1.056523   0.353484

    6   10  -0.018617   0.018617  -0.037234    -0.01303473   1.056297   0.355674

    6   11  -0.009048   0.009048  -0.018096    -0.00701059   1.054785   0.360889

    6   12  -0.001001   0.001001  -0.002001  -0.0009173919   1.054319   0.354056

    6   13  -0.008514   0.008514  -0.017028   -0.009296551   1.054726   0.352443

    6   14  -0.011988   0.011988  -0.023977    -0.01431138   1.055138   0.357712

    6   15   0.002231  -0.002231   0.004462    0.003567377   1.054345   0.435122

    6   16  -0.008985   0.008985  -0.017970    0.007201061   1.054059   2.323424

    6   17  -0.005669   0.005669  -0.011339   -0.009970497   1.054513   0.410064

    6   18   0.000341  -0.000341   0.000683   0.0006457605   1.054314   0.368932

    6   19   0.002361  -0.002361   0.004722    0.004880414   1.054345   0.365685

    6   20   0.004669  -0.004669   0.009337     0.01071942   1.054443   0.385164

    6   21   0.000135  -0.000135   0.000270  -0.0001703707   1.054313   2.271422

    6   22  -0.002514   0.002514  -0.005028   -0.006975855   1.054357   0.478479

    6   23  -0.000084   0.000084  -0.000167   0.0001096147   1.054313   2.331695

    6   24  -0.000947   0.000947  -0.001894   -0.002680943   1.054319   0.421739

    6   25  -0.011522   0.011522  -0.023045     -0.0320022   1.055108   0.386020

    7    8   0.038748  -0.038748   0.077496    0.000671289   2.152487   0.342922

    7    9  -0.052842   0.052842  -0.105685   -0.005218748   2.155369   0.349487

    7   10  -0.025923   0.025923  -0.051847    -0.00573639   2.150662   0.356159

    7   11   0.010163  -0.010163   0.020325     0.00252425   2.149393   0.361130

    7   12  -0.023794   0.023794  -0.047588   -0.007261277   2.150423   0.352802

    7   13   0.007731  -0.007731   0.015461    0.002897631   2.149295   0.352723

    7   14  -0.036918   0.036918  -0.073837    -0.01518719   2.152202   0.355498

    7   15   0.001655  -0.001655   0.003310   0.0008657367   2.149169   0.435148

    7   16   0.005552  -0.005552   0.011104    -0.02924042   2.148457   2.323875

    7   17   0.008527  -0.008527   0.017055    0.005098766   2.149330   0.410096

    7   18  -0.002152   0.002152  -0.004304   -0.001453873   2.149173   0.368923

    7   19   0.002420  -0.002420   0.004839    0.001804285   2.149175   0.365704

    7   20   0.007885  -0.007885   0.015771     0.00645091   2.149303   0.385154

    7   21  -0.000668   0.000668  -0.001336    0.007892257   2.149148   2.271436

    7   22  -0.008913   0.008913  -0.017825   -0.008024413   2.149353   0.478333

    7   23   0.000038  -0.000038   0.000076  -0.0003284925   2.149162   2.331695

    7   24  -0.000329   0.000329  -0.000657  -0.0003230086   2.149163   0.421744

    7   25   0.014371  -0.014371   0.028741     0.01438352   2.149631   0.386346

    8    9  -0.002013   0.002013  -0.004025     0.02383771   0.344765   0.357176

    8   10  -0.000801   0.000801  -0.001601     0.02470658   0.346027   0.357878

    8   11   0.000424  -0.000424   0.000848    -0.01150791   0.346200   0.361409

    8   12  -0.000907   0.000907  -0.001813     0.05443247   0.345847   0.354462

    8   13   0.000245  -0.000245   0.000490     -0.0235389   0.346211   0.352892

    8   14  -0.000668   0.000668  -0.001335     0.03756687   0.346104   0.358681

    8   15   0.004193  -0.004193   0.008385    -0.04009944   0.345463   0.435938

    8   16   0.000200  -0.000200   0.000401  -9.046622E-05   0.346247   2.323169

    8   17  -0.002690   0.002690  -0.005380     0.04179495   0.345798   0.410712

    8   18   0.002657  -0.002657   0.005313     -0.1242066   0.345065   0.370116

    8   19   0.000794  -0.000794   0.001587     -0.0522484   0.346119   0.365846

    8   20   0.003196  -0.003196   0.006392     -0.1098262   0.345228   0.386314

    8   21  -0.000190   0.000190  -0.000381   0.0001397394   0.346247   2.271422

    8   22   0.000327  -0.000327   0.000654   -0.003639664   0.346244   0.478527

    8   23  -0.000005   0.000005  -0.000010   3.892614E-06   0.346247   2.331695

    8   24   0.000192  -0.000192   0.000384   -0.004242155   0.346245   0.421746

    8   25   0.000562  -0.000562   0.001125    -0.02398949   0.346216   0.386846

    9   10   0.000217  -0.000217   0.000433    -0.02206539   0.355602   0.357749

    9   11  -0.000416   0.000416  -0.000833     0.01873946   0.355574   0.361481

    9   12   0.002310  -0.002310   0.004620     0.09114986   0.359569   0.350187

    9   13  -0.000912   0.000912  -0.001824    -0.09768988   0.356586   0.351964

    9   14   0.004038  -0.004038   0.008076     -0.1380672   0.348915   0.365316

    9   15  -0.000117   0.000117  -0.000234     0.00105698   0.355693   0.435155

    9   16  -0.003375   0.003375  -0.006751    0.001279027   0.355670   2.323192

    9   17   0.000493  -0.000493   0.000985   -0.007773773   0.355676   0.410281

    9   18   0.000741  -0.000741   0.001483    -0.05597143   0.355529   0.369097

    9   19   0.001232  -0.001232   0.002463     -0.1269808   0.355121   0.366290

    9   20  -0.000103   0.000103  -0.000206    0.004409285   0.355692   0.385296

    9   21  -0.000015   0.000015  -0.000030   9.830826E-06   0.355694   2.271422

    9   22   0.007801  -0.007801   0.015601    -0.08162753   0.353743   0.480474

    9   23  -0.000037   0.000037  -0.000074   2.617814E-05   0.355694   2.331695

    9   24   0.000062  -0.000062   0.000124   -0.001422437   0.355693   0.421745

    9   25  -0.000559   0.000559  -0.001119     0.02844238   0.355653   0.386855

   10   11   0.000553  -0.000553   0.001106   -0.006036702   0.357353   0.361667

   10   12  -0.002483   0.002483  -0.004966    -0.03561188   0.361141   0.350579

   10   13  -0.000002   0.000002  -0.000004  -0.0001193111   0.357658   0.352856

   10   14   0.002161  -0.002161   0.004322     -0.0850665   0.353753   0.362442

   10   15   0.008337  -0.008337   0.016673    -0.04936515   0.354223   0.438589

   10   16   0.007133  -0.007133   0.014265   -0.001911479   0.357554   2.323273

   10   17  -0.010882   0.010882  -0.021764      0.1024513   0.349821   0.418100

   10   18   0.004412  -0.004412   0.008824     -0.1697035   0.352824   0.373767

   10   19   0.000265  -0.000265   0.000530    -0.03043098   0.357623   0.365752

   10   20   0.005201  -0.005201   0.010402     -0.1572835   0.354181   0.388772

   10   21  -0.000531   0.000531  -0.001061   0.0002904127   0.357657   2.271422

   10   22  -0.011402   0.011402  -0.022804     0.09774181   0.353499   0.482683

   10   23  -0.000223   0.000223  -0.000447   0.0001339244   0.357658   2.331695

   10   24  -0.000265   0.000265  -0.000529    0.005370013   0.357654   0.421749

   10   25   0.000268  -0.000268   0.000535    -0.01254488   0.357648   0.386825

   11   12  -0.000633   0.000633  -0.001265   -0.008550409   0.361574   0.353849

   11   13   0.000457  -0.000457   0.000914       0.012044   0.361458   0.352759

   11   14  -0.000342   0.000342  -0.000683     -0.0321279   0.361518   0.358381

   11   15  -0.000286   0.000286  -0.000572    0.001754218   0.361357   0.435159

   11   16   0.001350  -0.001350   0.002700  -0.0003301002   0.361358   2.323173

   11   17   0.000633  -0.000633   0.001267   -0.007705143   0.361329   0.410296

   11   18  -0.000324   0.000324  -0.000647     0.03194785   0.361306   0.368988

   11   19  -0.000298   0.000298  -0.000596     0.05849282   0.361281   0.365797

   11   20  -0.000041   0.000041  -0.000081    0.001694827   0.361361   0.385295

   11   21  -0.000184   0.000184  -0.000367   9.623115E-05   0.361361   2.271422

   11   22  -0.000837   0.000837  -0.001674    0.007570974   0.361337   0.478547

   11   23   0.000039  -0.000039   0.000078  -2.240492E-05   0.361361   2.331695

   11   24  -0.001875   0.001875  -0.003750     0.03862162   0.361129   0.421976

   11   25   0.002276  -0.002276   0.004551     -0.1111773   0.360572   0.387604

   12   13  -0.000836   0.000836  -0.001671    -0.02934803   0.355236   0.351683

   12   14  -0.001578   0.001578  -0.003157     0.03885928   0.352430   0.360169

   12   15  -0.004998   0.004998  -0.009995     0.02082851   0.352848   0.436368

   12   16   0.007382  -0.007382   0.014765   -0.001406895   0.353951   2.323280

   12   17   0.009389  -0.009389   0.018777    -0.06824593   0.348366   0.415960

   12   18  -0.001300   0.001300  -0.002601     0.05398655   0.353620   0.369375

   12   19  -0.000733   0.000733  -0.001467     0.04767964   0.353880   0.365899

   12   20  -0.004572   0.004572  -0.009143      0.1130057   0.351582   0.387775

   12   21   0.000528  -0.000528   0.001056  -0.0002468256   0.354062   2.271422

   12   22   0.009868  -0.009868   0.019735    -0.07224057   0.351008   0.481578

   12   23  -0.000212   0.000212  -0.000425   0.0001107978   0.354062   2.331695

   12   24   0.000368  -0.000368   0.000736   -0.006245929   0.354054   0.421752

   12   25  -0.001015   0.001015  -0.002030     0.03739795   0.353937   0.386940

   13   14  -0.001323   0.001323  -0.002647     0.01120004   0.351814   0.359579

   13   15  -0.007934   0.007934  -0.015867     0.02008227   0.349903   0.438108

   13   16  -0.002565   0.002565  -0.005131    0.000326144   0.352843   2.323183

   13   17   0.003155  -0.003155   0.006310    -0.01967397   0.352171   0.410949

   13   18  -0.003501   0.003501  -0.007002     0.08689889   0.350234   0.371555

   13   19  -0.002283   0.002283  -0.004566     0.09502037   0.351400   0.367173

   13   20  -0.002647   0.002647  -0.005295     0.05972299   0.352014   0.386137

   13   21   0.000040  -0.000040   0.000081  -1.620232E-05   0.352856   2.271422

   13   22  -0.006367   0.006367  -0.012734     0.04126875   0.351579   0.479801

   13   23   0.000047  -0.000047   0.000094  -2.163701E-05   0.352856   2.331695

   13   24  -0.000018   0.000018  -0.000037   0.0002723723   0.352856   0.421744

   13   25   0.000483  -0.000483   0.000966    -0.01550579   0.352828   0.386843

   14   15   0.009266  -0.009266   0.018533    -0.01715295   0.354290   0.439402

   14   16  -0.034753   0.034753  -0.069506    0.003260349   0.356082   2.325625

   14   17  -0.006628   0.006628  -0.013256     0.03430114   0.355338   0.413462

   14   18   0.003811  -0.003811   0.007621    -0.09573182   0.354510   0.372960

   14   19   0.004600  -0.004600   0.009200     -0.1376017   0.352251   0.372003

   14   20   0.004529  -0.004529   0.009058    -0.09868686   0.355760   0.388073

   14   21  -0.000269   0.000269  -0.000538   9.926692E-05   0.358537   2.271422

   14   22  -0.000289   0.000289  -0.000578    0.001844976   0.358535   0.478526

   14   23  -0.000367   0.000367  -0.000733   0.0001564018   0.358537   2.331695

   14   24   0.000374  -0.000374   0.000748   -0.005669446   0.358529   0.421753

   14   25  -0.000434   0.000434  -0.000868     0.01571448   0.358511   0.386842

   15   16   0.027955  -0.027955   0.055910  -0.0004023671   0.433500   2.324823

   15   17  -0.030475   0.030475  -0.060951    -0.03509121   0.484917   0.360500

   15   18   0.019706  -0.019706   0.039412     0.05856417   0.453518   0.350569

   15   19   0.004810  -0.004810   0.009621      0.0289254   0.436463   0.364409

   15   20   0.020713  -0.020713   0.041426      0.1170722   0.458574   0.361875

   15   21  -0.001275   0.001275  -0.002550   0.0003804117   0.435151   2.271425

   15   22  -0.002125   0.002125  -0.004250     0.02922448   0.434742   0.478936

   15   23   0.000012  -0.000012   0.000025  -4.460128E-06   0.435154   2.331695

   15   24   0.001654  -0.001654   0.003309     0.08859965   0.435926   0.420972

   15   25  -0.001752   0.001752  -0.003504    -0.03114099   0.435407   0.386562

   16   17  -0.007614   0.007614  -0.015228   -0.000461824   2.323290   0.410142

   16   18   0.008566  -0.008566   0.017132    0.001221549   2.323319   0.368783

   16   19  -0.069126   0.069126  -0.138251    -0.01419822   2.332885   0.356001

   16   20   0.009535  -0.009535   0.019071    0.002554869   2.323357   0.385107

   16   21  -0.000604   0.000604  -0.001207   -0.006067252   2.323197   2.271393

   16   22   0.004137  -0.004137   0.008274    0.001302128   2.323206   0.478486

   16   23  -0.000021   0.000021  -0.000041    0.001585228   2.323169   2.331695

   16   24   0.001440  -0.001440   0.002880   0.0005859059   2.323174   0.421740

   16   25  -0.010604   0.010604  -0.021208   -0.004604298   2.323401   0.386583

   17   18  -0.013642   0.013642  -0.027283    -0.03242243   0.423824   0.355372

   17   19  -0.004232   0.004232  -0.008465    -0.02575648   0.411817   0.364163

   17   20  -0.016751   0.016751  -0.033503     -0.0944749   0.433532   0.362026

   17   21   0.000273  -0.000273   0.000547  -5.945613E-05   0.410263   2.271422

   17   22   0.009086  -0.009086   0.018171    -0.05458102   0.405727   0.483059

   17   23   0.000252  -0.000252   0.000505  -7.104055E-05   0.410263   2.331695

   17   24  -0.001460   0.001460  -0.002920     0.07453843   0.409563   0.422445

   17   25   0.001589  -0.001589   0.003177     0.04740282   0.410686   0.386392

   18   19   0.001180  -0.001180   0.002361     0.02630728   0.370182   0.364469

   18   20   0.007958  -0.007958   0.015915    -0.05349448   0.359219   0.395009

   18   21  -0.000197   0.000197  -0.000393   2.499438E-05   0.368933   2.271422

   18   22  -0.000930   0.000930  -0.001861    0.002561527   0.368901   0.478555

   18   23  -0.000010   0.000010  -0.000019   1.869051E-06   0.368933   2.331695

   18   24   0.001120  -0.001120   0.002240    -0.01045883   0.368838   0.421839

   18   25  -0.001015   0.001015  -0.002030     0.03112719   0.368705   0.387043

   19   20   0.003420  -0.003420   0.006840    -0.01622115   0.363564   0.387448

   19   21  -0.000017   0.000017  -0.000033   1.004474E-06   0.365717   2.271422

   19   22   0.003066  -0.003066   0.006133   -0.004716929   0.365385   0.478856

   19   23   0.000101  -0.000101   0.000202  -1.289766E-05   0.365717   2.331695

   19   24   0.000657  -0.000657   0.001313    -0.00430301   0.365686   0.421775

   19   25   0.000193  -0.000193   0.000385   -0.003968416   0.365710   0.386822

   20   21   0.062356  -0.062356   0.124711  -4.505932E-05   0.377084   2.279632

   20   22  -0.005791   0.005791  -0.011583    0.003694284   0.383877   0.479941

   20   23   0.002049  -0.002049   0.004097  -0.0001446246   0.385286   2.331704

   20   24   0.000589  -0.000589   0.001178   -0.004101325   0.385257   0.421783

   20   25  -0.000403   0.000403  -0.000806     0.05848205   0.384947   0.387162

   21   22   0.002256  -0.002256   0.004511   7.536592E-05   2.271433   0.478512

   21   23   0.011832  -0.011832   0.023663     -0.0210039   2.263242   2.339875

   21   24  -0.003794   0.003794  -0.007588  -0.0005187423   2.271453   0.421713

   21   25   0.004055  -0.004055   0.008109   0.0006890396   2.271456   0.386780

   22   23  -0.002323   0.002323  -0.004646   9.543463E-05   0.478512   2.331707

   22   24   0.001224  -0.001224   0.002449    0.004146389   0.478629   0.421639

   22   25  -0.001544   0.001544  -0.003087    -0.00437239   0.478627   0.386711

   23   24   0.002259  -0.002259   0.004518    0.000138197   2.331706   0.421734

   23   25  -0.002172   0.002172  -0.004345  -0.0002057749   2.331705   0.386805

   24   25  -0.019938   0.019938  -0.039876    -0.01542809   0.447813   0.360747

