3
      es_1  0.25000  0.00014  0.00003  0.00000  0.00872  0.24108  0.00000  0.00000  0.00000  0.00001
      es_2  0.25000  0.00123  0.00022  0.00000  0.09836  0.14995  0.00003  0.00001  0.00005  0.00015
      es_3  0.25000  0.24500  0.00219  0.00000  0.00274  0.00007  0.00000  0.00000  0.00000  0.00000
      es_4  0.25000  0.24593  0.00157  0.00000  0.00214  0.00036  0.00000  0.00000  0.00000  0.00000
      es_5  0.25000  0.00061  0.00010  0.00000  0.07285  0.17643  0.00000  0.00001  0.00000  0.00000
      es_6  0.25000  0.00094  0.00027  0.00000  0.08780  0.16071  0.00003  0.00001  0.00005  0.00018
      es_7  0.25000  0.00259  0.00005  0.00000  0.22443  0.02286  0.00001  0.00002  0.00001  0.00003
      es_8  0.25000  0.24717  0.00184  0.00000  0.00087  0.00013  0.00000  0.00000  0.00000  0.00000
      es_9  0.25000  0.24714  0.00131  0.00000  0.00153  0.00002  0.00000  0.00000  0.00000  0.00000
     es_10  0.25000  0.24646  0.00140  0.00000  0.00186  0.00027  0.00000  0.00000  0.00000  0.00000
     es_11  0.25000  0.00038  0.00008  0.00000  0.00100  0.24852  0.00000  0.00000  0.00000  0.00002
     es_12  0.25000  0.24661  0.00167  0.00000  0.00168  0.00005  0.00000  0.00000  0.00000  0.00000
     es_13  0.25000  0.24532  0.00227  0.00000  0.00212  0.00029  0.00000  0.00000  0.00000  0.00000
     es_14  0.25000  0.24652  0.00144  0.00000  0.00201  0.00003  0.00000  0.00000  0.00000  0.00000
     es_15  0.25000  0.23711  0.00116  0.00000  0.01131  0.00042  0.00000  0.00000  0.00000  0.00000
     es_16  0.25000  0.00256  0.00001  0.00000  0.24614  0.00127  0.00000  0.00002  0.00000  0.00000
     es_17  0.25000  0.23970  0.00132  0.00000  0.00835  0.00062  0.00000  0.00000  0.00000  0.00000
     es_18  0.25000  0.24599  0.00102  0.00000  0.00288  0.00010  0.00000  0.00000  0.00000  0.00000
     es_19  0.25000  0.24692  0.00079  0.00000  0.00225  0.00004  0.00000  0.00000  0.00000  0.00000
     es_20  0.25000  0.24417  0.00089  0.00000  0.00381  0.00010  0.00000  0.00099  0.00004  0.00000
     es_21  0.25000  0.00106  0.00000  0.00000  0.01027  0.00054  0.00000  0.22942  0.00871  0.00000
     es_22  0.25000  0.23175  0.00112  0.00000  0.01668  0.00045  0.00000  0.00000  0.00000  0.00000
     es_23  0.25000  0.00000  0.00000  0.00000  0.01052  0.00014  0.00000  0.23669  0.00264  0.00000
     es_24  0.25000  0.00015  0.00009  0.00000  0.00855  0.24103  0.00001  0.00001  0.00003  0.00013
     es_25  0.25000  0.00018  0.00010  0.00000  0.00419  0.09100  0.00475  0.00001  0.01299  0.13677
