1 -0.224028
2 -0.286374
3 -0.346357
4 0.262237
5 0.228254
6 0.140824
7 -0.355053
8 -0.232645
9 -0.262813
10 -0.41519
11 0.27456
12 0.108024
13 0.237065
14 -0.382406
15 -0.202985
16 -0.254719
17 -0.231672
18 -0.382122
19 -0.084093
20 0.251106
21 -0.312513
22 -0.318393
23 0.122932
24 0.405985
25 -0.471788
26 -0.308124
27 0.190001
28 0.100992
29 0.124249
30 0.265291
31 -0.429661
32 -0.223119
33 -0.258498
34 -0.234914
35 -0.369529
36 0.352987
37 -0.433471
38 -0.247752
39 -0.266391
40 -0.358167
41 0.202646
42 0.06086
43 0.28148
44 -0.379966
45 -0.260558
46 -0.212285
47 -0.266512
48 -0.425306
49 0.112443
50 0.198905
51 -0.266918
52 -0.501641
53 0.435973
54 0.108238
55 -0.315012
56 -0.361356
57 0.211677
58 -0.052702
59 -0.330345
60 -0.011699
61 0.017376
62 -0.465233
63 -0.390176
64 -0.254068
65 0.227205
66 0.228903
67 0.263188
68 0.262539
69 0.209759
70 0.22067
71 0.257467
72 0.264278
73 0.211377
74 0.230079
75 0.225874
76 0.273699
77 0.270918
78 0.211042
79 0.231257
80 0.27417
81 0.265014
82 0.222092
83 0.230652
84 0.223139
85 0.270419
86 0.265052
87 0.210926
88 0.219048
89 0.272732
90 0.260679
91 0.233952
92 0.216513
93 0.224789
94 0.272084
95 0.257954
96 0.228651
97 0.218323
98 0.278199
99 0.257467
100 0.223069
101 0.252947
102 0.029977
103 -0.017432
104 -0.205007
105 -0.017066
106 0.181995
107 -0.265238
108 0.15826
109 -0.005539
110 0.063848
111 -0.236453
112 -0.094212
113 0.07284
114 0.144678
115 0.285132
116 -0.249067
117 -0.03548
118 -0.230505
119 -0.054578
120 -0.408029
121 -0.383855
122 0.151478
123 0.359365
124 -0.248845
125 0.134585
126 -0.022527
127 -0.118005
128 -0.107106
129 -0.119237
130 -0.443134
131 0.361632
132 0.106957
133 0.263667
134 0.103218
135 0.390343
136 0.181489
137 0.104972
138 0.204418
139 0.412589
140 -0.032506
141 -0.191183
142 -0.259514
143 -0.454287
144 -0.038534
145 0.033124
146 -0.378275
147 -0.103443
148 -0.082608
149 -0.230452
150 -0.077812
151 0.075006
152 0.038065
153 -0.037218
154 0.37381
155 -0.277919
156 0.127692
157 0.070846
158 0.09099
159 0.233075
160 0.059041
161 -0.105542
162 -0.046497
163 -0.292267
164 0.091296
165 0.018828
166 -0.152094
167 -0.161199
168 0.015241
169 0.05309
170 -0.082562
