1 -0.22507
2 -0.286451
3 -0.34787
4 0.261667
5 0.200601
6 0.142437
7 -0.361962
8 -0.22929
9 -0.270274
10 -0.413612
11 0.271758
12 0.09984
13 0.240508
14 -0.382171
15 -0.202607
16 -0.252966
17 -0.231558
18 -0.380595
19 -0.055866
20 0.212544
21 -0.304397
22 -0.356967
23 0.116711
24 0.376911
25 -0.505592
26 -0.317734
27 0.141505
28 0.100424
29 0.082705
30 0.264109
31 -0.432821
32 -0.22391
33 -0.261651
34 -0.235156
35 -0.37375
36 0.351654
37 -0.444563
38 -0.250318
39 -0.274995
40 -0.36573
41 0.201098
42 0.032818
43 0.281919
44 -0.379687
45 -0.260568
46 -0.212479
47 -0.265508
48 -0.426282
49 0.130174
50 0.150874
51 -0.265424
52 -0.549256
53 0.420032
54 0.077676
55 -0.359406
56 -0.368626
57 0.162477
58 -0.052553
59 -0.326789
60 -0.003127
61 0.024649
62 -0.461567
63 -0.391181
64 -0.254288
65 0.227208
66 0.228789
67 0.263178
68 0.26254
69 0.209735
70 0.220689
71 0.257488
72 0.264299
73 0.211379
74 0.23008
75 0.225811
76 0.273608
77 0.270918
78 0.211071
79 0.23128
80 0.274189
81 0.264986
82 0.222004
83 0.230653
84 0.223018
85 0.270411
86 0.26504
87 0.210903
88 0.219048
89 0.272716
90 0.260781
91 0.233909
92 0.216517
93 0.224724
94 0.27203
95 0.257992
96 0.228617
97 0.218318
98 0.278169
99 0.25744
100 0.223032
101 0.285241
102 0.03986
103 -0.017992
104 -0.169571
105 -0.031587
106 0.18935
107 -0.227627
108 0.201251
109 0.030826
110 0.065464
111 -0.227707
112 -0.052529
113 0.035062
114 0.124338
115 0.295431
116 -0.236523
117 -0.048756
118 -0.216007
119 -0.021343
120 -0.373084
121 -0.339549
122 0.150543
123 0.393134
124 -0.209688
125 0.10845
126 -0.035585
127 -0.103745
128 -0.119963
129 -0.064586
130 -0.426675
131 0.364288
132 0.107246
133 0.261067
134 0.09595
135 0.382424
136 0.174148
137 0.094892
138 0.199896
139 0.407706
140 -0.036313
141 -0.18122
142 -0.22102
143 -0.42641
144 -0.002763
145 0.032336
146 -0.346408
147 -0.123878
148 -0.080163
149 -0.239606
150 -0.115524
151 0.084549
152 0.013728
153 -0.006768
154 0.385024
155 -0.261598
156 0.15499
157 0.066125
158 0.100268
159 0.224774
160 0.040628
161 -0.097859
162 -0.039444
163 -0.293604
164 0.092788
165 0.016074
166 -0.141449
167 -0.154107
168 0.019376
169 0.038825
170 -0.078435
