1      71 C                    -0.224245

2      72 C                    -0.286350

3      73 C                    -0.346513

4      74 C                     0.262020

5      75 C                     0.225867

6      76 C                     0.142834

7      77 C                    -0.356175

8      78 C                    -0.230858

9      79 C                    -0.264055

10      80 C                    -0.413699

11      81 C                     0.274320

12      82 C                     0.114716

13      83 C                     0.238060

14      84 C                    -0.381691

15      85 C                    -0.202825

16      86 C                    -0.253742

17      87 C                    -0.231697

18      88 C                    -0.380615

19      89 C                    -0.079757

20      90 C                     0.263038

21      91 C                    -0.308665

22      92 C                    -0.310122

23      93 C                     0.135032

24      94 C                     0.410511

25      95 C                    -0.463698

26      96 C                    -0.309845

27      97 C                     0.194758

28      98 C                     0.101515

29      99 C                     0.115363

30     100 C                     0.264846

31     101 C                    -0.430396

32     102 C                    -0.223346

33     103 C                    -0.259332

34     104 C                    -0.234957

35     105 C                    -0.370629

36     106 C                     0.351976

37     107 C                    -0.438175

38     108 C                    -0.251796

39     109 C                    -0.268260

40     110 C                    -0.364074

41     111 C                     0.203205

42     112 C                     0.047740

43     113 C                     0.280853

44     114 C                    -0.380548

45     115 C                    -0.260512

46     116 C                    -0.212914

47     117 C                    -0.266450

48     118 C                    -0.425859

49     119 C                     0.112355

50     120 C                     0.191600

51     121 C                    -0.270015

52     122 C                    -0.502490

53     123 C                     0.430721

54     124 C                     0.108236

55     125 C                    -0.317076

56     126 C                    -0.361170

57     127 C                     0.209824

58     128 C                    -0.052601

59     129 C                    -0.329334

60     130 C                    -0.011653

61     131 C                     0.018475

62     132 C                    -0.465446

63     133 C                    -0.390233

64     134 C                    -0.254091

65     135 H                     0.227205

66     136 H                     0.228880

67     137 H                     0.263176

68     138 H                     0.262538

69     139 H                     0.209751

70     140 H                     0.220674

71     141 H                     0.257468

72     142 H                     0.264286

73     143 H                     0.211395

74     144 H                     0.230079

75     145 H                     0.225894

76     146 H                     0.273811

77     147 H                     0.270944

78     148 H                     0.211087

79     149 H                     0.231303

80     150 H                     0.274169

81     151 H                     0.265017

82     152 H                     0.222071

83     153 H                     0.230653

84     154 H                     0.223112

85     155 H                     0.270411

86     156 H                     0.265049

87     157 H                     0.210917

88     158 H                     0.219047

89     159 H                     0.272735

90     160 H                     0.260833

91     161 H                     0.233935

92     162 H                     0.216514

93     163 H                     0.224744

94     164 H                     0.272062

95     165 H                     0.257970

96     166 H                     0.228659

97     167 H                     0.218270

98     168 H                     0.278205

99     169 H                     0.257456

100     170 H                     0.223065

101       1 C                     0.295298

102       2 C                     0.043736

103       3 C                     0.004276

104       4 C                    -0.174985

105       5 C                    -0.031587

106       6 C                     0.183885

107       7 C                    -0.217709

108       8 C                     0.208391

109       9 C                    -0.006859

110      10 C                     0.078467

111      11 C                    -0.201565

112      12 C                    -0.098681

113      13 C                     0.062504

114      14 C                     0.144835

115      15 C                     0.267581

116      16 C                    -0.249434

117      17 C                    -0.048613

118      18 C                    -0.220610

119      19 C                    -0.023398

120      20 C                    -0.386752

121      21 C                    -0.362789

122      22 C                     0.146320

123      23 C                     0.369727

124      24 C                    -0.199859

125      25 C                     0.105568

126      26 C                    -0.058294

127      27 C                    -0.121127

128      28 C                    -0.120985

129      29 C                    -0.074522

130      30 C                    -0.427825

131      31 C                     0.341570

132      32 C                     0.100114

133      33 C                     0.239577

134      34 C                     0.086347

135      35 C                     0.347448

136      36 C                     0.131658

137      37 C                     0.066313

138      38 C                     0.120359

139      39 C                     0.395188

140      40 C                    -0.082228

141      41 C                    -0.170327

142      42 C                    -0.224519

143      43 C                    -0.428885

144      44 C                    -0.007275

145      45 C                     0.035484

146      46 C                    -0.381482

147      47 C                    -0.115273

148      48 C                    -0.106753

149      49 C                    -0.285144

150      50 C                    -0.104564

151      51 C                     0.072035

152      52 C                     0.025133

153      53 C                    -0.016404

154      54 C                     0.385654

155      55 C                    -0.256791

156      56 C                     0.157468

157      57 C                     0.067776

158      58 C                     0.104669

159      59 C                     0.233184

160      60 C                     0.050706

161      61 C                    -0.104344

162      62 C                    -0.060781

163      63 C                    -0.326002

164      64 C                     0.086407

165      65 C                     0.013559

166      66 C                    -0.134180

167      67 C                    -0.154049

168      68 C                     0.033961

169      69 C                     0.035342

170      70 C                    -0.081287

