1      71 C                    -0.223931

2      72 C                    -0.286351

3      73 C                    -0.346169

4      74 C                     0.262274

5      75 C                     0.231039

6      76 C                     0.141538

7      77 C                    -0.354923

8      78 C                    -0.232472

9      79 C                    -0.262365

10      80 C                    -0.415309

11      81 C                     0.275436

12      82 C                     0.110061

13      83 C                     0.237159

14      84 C                    -0.382322

15      85 C                    -0.202951

16      86 C                    -0.254628

17      87 C                    -0.231695

18      88 C                    -0.381685

19      89 C                    -0.083685

20      90 C                     0.257682

21      91 C                    -0.311261

22      92 C                    -0.313770

23      93 C                     0.128406

24      94 C                     0.406597

25      95 C                    -0.467395

26      96 C                    -0.309108

27      97 C                     0.191845

28      98 C                     0.100939

29      99 C                     0.115405

30     100 C                     0.264631

31     101 C                    -0.430411

32     102 C                    -0.223349

33     103 C                    -0.259514

34     104 C                    -0.234943

35     105 C                    -0.370799

36     106 C                     0.352971

37     107 C                    -0.438081

38     108 C                    -0.250538

39     109 C                    -0.268231

40     110 C                    -0.362762

41     111 C                     0.202818

42     112 C                     0.052866

43     113 C                     0.281002

44     114 C                    -0.380016

45     115 C                    -0.260471

46     116 C                    -0.212742

47     117 C                    -0.266476

48     118 C                    -0.425675

49     119 C                     0.111953

50     120 C                     0.202125

51     121 C                    -0.268869

52     122 C                    -0.491625

53     123 C                     0.438988

54     124 C                     0.116590

55     125 C                    -0.307575

56     126 C                    -0.359962

57     127 C                     0.219876

58     128 C                    -0.052155

59     129 C                    -0.330915

60     130 C                    -0.012075

61     131 C                     0.017911

62     132 C                    -0.466024

63     133 C                    -0.390054

64     134 C                    -0.254032

65     135 H                     0.227203

66     136 H                     0.228907

67     137 H                     0.263121

68     138 H                     0.262541

69     139 H                     0.209759

70     140 H                     0.220669

71     141 H                     0.257466

72     142 H                     0.264278

73     143 H                     0.211379

74     144 H                     0.230079

75     145 H                     0.225871

76     146 H                     0.273660

77     147 H                     0.270929

78     148 H                     0.211074

79     149 H                     0.231268

80     150 H                     0.274166

81     151 H                     0.264997

82     152 H                     0.222070

83     153 H                     0.230653

84     154 H                     0.223112

85     155 H                     0.270414

86     156 H                     0.265049

87     157 H                     0.210920

88     158 H                     0.219047

89     159 H                     0.272734

90     160 H                     0.260564

91     161 H                     0.233950

92     162 H                     0.216511

93     163 H                     0.224761

94     164 H                     0.272073

95     165 H                     0.257964

96     166 H                     0.228662

97     167 H                     0.218278

98     168 H                     0.278211

99     169 H                     0.257464

100     170 H                     0.223072

101       1 C                     0.289763

102       2 C                     0.008946

103       3 C                    -0.028903

104       4 C                    -0.185556

105       5 C                    -0.096910

106       6 C                     0.173847

107       7 C                    -0.225454

108       8 C                     0.207750

109       9 C                    -0.010806

110      10 C                     0.054714

111      11 C                    -0.232485

112      12 C                    -0.093591

113      13 C                     0.062362

114      14 C                     0.139025

115      15 C                     0.253692

116      16 C                    -0.284257

117      17 C                    -0.078848

118      18 C                    -0.207414

119      19 C                    -0.054329

120      20 C                    -0.419337

121      21 C                    -0.381431

122      22 C                     0.134530

123      23 C                     0.366014

124      24 C                    -0.194907

125      25 C                     0.126658

126      26 C                    -0.059731

127      27 C                    -0.130865

128      28 C                    -0.101351

129      29 C                    -0.063322

130      30 C                    -0.438477

131      31 C                     0.369196

132      32 C                     0.097939

133      33 C                     0.260386

134      34 C                     0.103152

135      35 C                     0.380356

136      36 C                     0.182574

137      37 C                     0.088698

138      38 C                     0.209237

139      39 C                     0.407418

140      40 C                    -0.036362

141      41 C                    -0.191816

142      42 C                    -0.210128

143      43 C                    -0.419030

144      44 C                    -0.027425

145      45 C                     0.012163

146      46 C                    -0.375592

147      47 C                    -0.108855

148      48 C                    -0.076310

149      49 C                    -0.248805

150      50 C                    -0.081064

151      51 C                     0.066099

152      52 C                     0.026965

153      53 C                    -0.018828

154      54 C                     0.369753

155      55 C                    -0.256633

156      56 C                     0.155886

157      57 C                     0.066894

158      58 C                     0.100797

159      59 C                     0.228935

160      60 C                     0.054753

161      61 C                    -0.115851

162      62 C                    -0.037280

163      63 C                    -0.308185

164      64 C                     0.095344

165      65 C                     0.002504

166      66 C                    -0.130948

167      67 C                    -0.178939

168      68 C                     0.012243

169      69 C                     0.016155

170      70 C                    -0.070401

