1      71 C                    -0.224028

2      72 C                    -0.286374

3      73 C                    -0.346357

4      74 C                     0.262237

5      75 C                     0.228254

6      76 C                     0.140824

7      77 C                    -0.355053

8      78 C                    -0.232645

9      79 C                    -0.262813

10      80 C                    -0.415190

11      81 C                     0.274560

12      82 C                     0.108024

13      83 C                     0.237065

14      84 C                    -0.382406

15      85 C                    -0.202985

16      86 C                    -0.254719

17      87 C                    -0.231672

18      88 C                    -0.382122

19      89 C                    -0.084093

20      90 C                     0.251106

21      91 C                    -0.312513

22      92 C                    -0.318393

23      93 C                     0.122932

24      94 C                     0.405985

25      95 C                    -0.471788

26      96 C                    -0.308124

27      97 C                     0.190001

28      98 C                     0.100992

29      99 C                     0.124249

30     100 C                     0.265291

31     101 C                    -0.429661

32     102 C                    -0.223119

33     103 C                    -0.258498

34     104 C                    -0.234914

35     105 C                    -0.369529

36     106 C                     0.352987

37     107 C                    -0.433471

38     108 C                    -0.247752

39     109 C                    -0.266391

40     110 C                    -0.358167

41     111 C                     0.202646

42     112 C                     0.060860

43     113 C                     0.281480

44     114 C                    -0.379966

45     115 C                    -0.260558

46     116 C                    -0.212285

47     117 C                    -0.266512

48     118 C                    -0.425306

49     119 C                     0.112443

50     120 C                     0.198905

51     121 C                    -0.266918

52     122 C                    -0.501641

53     123 C                     0.435973

54     124 C                     0.108238

55     125 C                    -0.315012

56     126 C                    -0.361356

57     127 C                     0.211677

58     128 C                    -0.052702

59     129 C                    -0.330345

60     130 C                    -0.011699

61     131 C                     0.017376

62     132 C                    -0.465233

63     133 C                    -0.390176

64     134 C                    -0.254068

65     135 H                     0.227205

66     136 H                     0.228903

67     137 H                     0.263188

68     138 H                     0.262539

69     139 H                     0.209759

70     140 H                     0.220670

71     141 H                     0.257467

72     142 H                     0.264278

73     143 H                     0.211377

74     144 H                     0.230079

75     145 H                     0.225874

76     146 H                     0.273699

77     147 H                     0.270918

78     148 H                     0.211042

79     149 H                     0.231257

80     150 H                     0.274170

81     151 H                     0.265014

82     152 H                     0.222092

83     153 H                     0.230652

84     154 H                     0.223139

85     155 H                     0.270419

86     156 H                     0.265052

87     157 H                     0.210926

88     158 H                     0.219048

89     159 H                     0.272732

90     160 H                     0.260679

91     161 H                     0.233952

92     162 H                     0.216513

93     163 H                     0.224789

94     164 H                     0.272084

95     165 H                     0.257954

96     166 H                     0.228651

97     167 H                     0.218323

98     168 H                     0.278199

99     169 H                     0.257467

100     170 H                     0.223069

101       1 C                     0.252947

102       2 C                     0.029977

103       3 C                    -0.017432

104       4 C                    -0.205007

105       5 C                    -0.017066

106       6 C                     0.181995

107       7 C                    -0.265238

108       8 C                     0.158260

109       9 C                    -0.005539

110      10 C                     0.063848

111      11 C                    -0.236453

112      12 C                    -0.094212

113      13 C                     0.072840

114      14 C                     0.144678

115      15 C                     0.285132

116      16 C                    -0.249067

117      17 C                    -0.035480

118      18 C                    -0.230505

119      19 C                    -0.054578

120      20 C                    -0.408029

121      21 C                    -0.383855

122      22 C                     0.151478

123      23 C                     0.359365

124      24 C                    -0.248845

125      25 C                     0.134585

126      26 C                    -0.022527

127      27 C                    -0.118005

128      28 C                    -0.107106

129      29 C                    -0.119237

130      30 C                    -0.443134

131      31 C                     0.361632

132      32 C                     0.106957

133      33 C                     0.263667

134      34 C                     0.103218

135      35 C                     0.390343

136      36 C                     0.181489

137      37 C                     0.104972

138      38 C                     0.204418

139      39 C                     0.412589

140      40 C                    -0.032506

141      41 C                    -0.191183

142      42 C                    -0.259514

143      43 C                    -0.454287

144      44 C                    -0.038534

145      45 C                     0.033124

146      46 C                    -0.378275

147      47 C                    -0.103443

148      48 C                    -0.082608

149      49 C                    -0.230452

150      50 C                    -0.077812

151      51 C                     0.075006

152      52 C                     0.038065

153      53 C                    -0.037218

154      54 C                     0.373810

155      55 C                    -0.277919

156      56 C                     0.127692

157      57 C                     0.070846

158      58 C                     0.090990

159      59 C                     0.233075

160      60 C                     0.059041

161      61 C                    -0.105542

162      62 C                    -0.046497

163      63 C                    -0.292267

164      64 C                     0.091296

165      65 C                     0.018828

166      66 C                    -0.152094

167      67 C                    -0.161199

168      68 C                     0.015241

169      69 C                     0.053090

170      70 C                    -0.082562

