1 -0.223931
2 -0.286351
3 -0.346169
4 0.262274
5 0.231039
6 0.141538
7 -0.354923
8 -0.232472
9 -0.262365
10 -0.415309
11 0.275436
12 0.110061
13 0.237159
14 -0.382322
15 -0.202951
16 -0.254628
17 -0.231695
18 -0.381685
19 -0.083685
20 0.257682
21 -0.311261
22 -0.31377
23 0.128406
24 0.406597
25 -0.467395
26 -0.309108
27 0.191845
28 0.100939
29 0.115405
30 0.264631
31 -0.430411
32 -0.223349
33 -0.259514
34 -0.234943
35 -0.370799
36 0.352971
37 -0.438081
38 -0.250538
39 -0.268231
40 -0.362762
41 0.202818
42 0.052866
43 0.281002
44 -0.380016
45 -0.260471
46 -0.212742
47 -0.266476
48 -0.425675
49 0.111953
50 0.202125
51 -0.268869
52 -0.491625
53 0.438988
54 0.11659
55 -0.307575
56 -0.359962
57 0.219876
58 -0.052155
59 -0.330915
60 -0.012075
61 0.017911
62 -0.466024
63 -0.390054
64 -0.254032
65 0.227203
66 0.228907
67 0.263121
68 0.262541
69 0.209759
70 0.220669
71 0.257466
72 0.264278
73 0.211379
74 0.230079
75 0.225871
76 0.27366
77 0.270929
78 0.211074
79 0.231268
80 0.274166
81 0.264997
82 0.22207
83 0.230653
84 0.223112
85 0.270414
86 0.265049
87 0.21092
88 0.219047
89 0.272734
90 0.260564
91 0.23395
92 0.216511
93 0.224761
94 0.272073
95 0.257964
96 0.228662
97 0.218278
98 0.278211
99 0.257464
100 0.223072
101 0.289763
102 0.008946
103 -0.028903
104 -0.185556
105 -0.09691
106 0.173847
107 -0.225454
108 0.20775
109 -0.010806
110 0.054714
111 -0.232485
112 -0.093591
113 0.062362
114 0.139025
115 0.253692
116 -0.284257
117 -0.078848
118 -0.207414
119 -0.054329
120 -0.419337
121 -0.381431
122 0.13453
123 0.366014
124 -0.194907
125 0.126658
126 -0.059731
127 -0.130865
128 -0.101351
129 -0.063322
130 -0.438477
131 0.369196
132 0.097939
133 0.260386
134 0.103152
135 0.380356
136 0.182574
137 0.088698
138 0.209237
139 0.407418
140 -0.036362
141 -0.191816
142 -0.210128
143 -0.41903
144 -0.027425
145 0.012163
146 -0.375592
147 -0.108855
148 -0.07631
149 -0.248805
150 -0.081064
151 0.066099
152 0.026965
153 -0.018828
154 0.369753
155 -0.256633
156 0.155886
157 0.066894
158 0.100797
159 0.228935
160 0.054753
161 -0.115851
162 -0.03728
163 -0.308185
164 0.095344
165 0.002504
166 -0.130948
167 -0.178939
168 0.012243
169 0.016155
170 -0.070401
