1 -0.224768
2 -0.286429
3 -0.346805
4 0.261769
5 0.219258
6 0.131164
7 -0.359739
8 -0.238818
9 -0.269431
10 -0.418893
11 0.266195
12 0.09736
13 0.236792
14 -0.384287
15 -0.20306
16 -0.256711
17 -0.231962
18 -0.383479
19 -0.102632
20 0.196988
21 -0.330182
22 -0.366252
23 0.088647
24 0.369042
25 -0.515252
26 -0.330678
27 0.137154
28 0.085756
29 0.102656
30 0.264704
31 -0.432069
32 -0.223277
33 -0.260767
34 -0.235178
35 -0.371426
36 0.342657
37 -0.441137
38 -0.259142
39 -0.274283
40 -0.36713
41 0.194005
42 0.0387
43 0.280585
44 -0.38106
45 -0.260526
46 -0.213341
47 -0.266437
48 -0.426096
49 0.099392
50 0.136699
51 -0.289013
52 -0.559486
53 0.392559
54 0.069283
55 -0.371628
56 -0.37938
57 0.157443
58 -0.065114
59 -0.329714
60 -0.010717
61 0.017056
62 -0.465342
63 -0.390797
64 -0.254135
65 0.227199
66 0.228841
67 0.263173
68 0.262531
69 0.209743
70 0.220659
71 0.257475
72 0.2643
73 0.211336
74 0.23007
75 0.22582
76 0.273671
77 0.270896
78 0.210814
79 0.231218
80 0.274179
81 0.265017
82 0.22204
83 0.230643
84 0.223076
85 0.270443
86 0.265033
87 0.210872
88 0.219018
89 0.272703
90 0.260825
91 0.233896
92 0.216506
93 0.224715
94 0.272068
95 0.257938
96 0.228641
97 0.218351
98 0.278171
99 0.257448
100 0.223056
101 0.293805
102 0.044675
103 0.004928
104 -0.169005
105 -0.027098
106 0.190832
107 -0.217298
108 0.203376
109 0.006167
110 0.081311
111 -0.204943
112 -0.080427
113 0.070315
114 0.144188
115 0.286661
116 -0.245924
117 -0.046412
118 -0.208893
119 -0.027409
120 -0.387277
121 -0.347605
122 0.160207
123 0.378817
124 -0.197279
125 0.136377
126 -0.024655
127 -0.093729
128 -0.103833
129 -0.067606
130 -0.418616
131 0.363082
132 0.109218
133 0.260616
134 0.10163
135 0.377297
136 0.186088
137 0.098109
138 0.20572
139 0.408685
140 -0.032849
141 -0.172256
142 -0.209597
143 -0.419342
144 -0.007385
145 0.037149
146 -0.352269
147 -0.099614
148 -0.063193
149 -0.230566
150 -0.082089
151 0.078447
152 0.032465
153 -0.012836
154 0.382209
155 -0.254001
156 0.15376
157 0.07507
158 0.105867
159 0.233215
160 0.054077
161 -0.097702
162 -0.033144
163 -0.292726
164 0.094577
165 0.017683
166 -0.130622
167 -0.153419
168 0.032596
169 0.046594
170 -0.065872
