1      71 C                    -0.226423

2      72 C                    -0.286626

3      73 C                    -0.349698

4      74 C                     0.260380

5      75 C                     0.186009

6      76 C                     0.136724

7      77 C                    -0.372285

8      78 C                    -0.241698

9      79 C                    -0.272528

10      80 C                    -0.430419

11      81 C                     0.270307

12      82 C                     0.067015

13      83 C                     0.234665

14      84 C                    -0.386929

15      85 C                    -0.203459

16      86 C                    -0.259089

17      87 C                    -0.231769

18      88 C                    -0.388015

19      89 C                    -0.084440

20      90 C                     0.201656

21      91 C                    -0.321393

22      92 C                    -0.358473

23      93 C                     0.092572

24      94 C                     0.375713

25      95 C                    -0.510549

26      96 C                    -0.320362

27      97 C                     0.138287

28      98 C                     0.100598

29      99 C                     0.070748

30     100 C                     0.262965

31     101 C                    -0.433932

32     102 C                    -0.224220

33     103 C                    -0.263152

34     104 C                    -0.235258

35     105 C                    -0.375653

36     106 C                     0.346166

37     107 C                    -0.451906

38     108 C                    -0.263255

39     109 C                    -0.275833

40     110 C                    -0.378171

41     111 C                     0.199685

42     112 C                     0.007243

43     113 C                     0.279406

44     114 C                    -0.382418

45     115 C                    -0.260723

46     116 C                    -0.214086

47     117 C                    -0.266573

48     118 C                    -0.427372

49     119 C                     0.110931

50     120 C                     0.138906

51     121 C                    -0.279696

52     122 C                    -0.552693

53     123 C                     0.398988

54     124 C                     0.074550

55     125 C                    -0.365714

56     126 C                    -0.371267

57     127 C                     0.158668

58     128 C                    -0.052821

59     129 C                    -0.330494

60     130 C                    -0.010455

61     131 C                     0.019057

62     132 C                    -0.465624

63     133 C                    -0.392088

64     134 C                    -0.254473

65     135 H                     0.227204

66     136 H                     0.228747

67     137 H                     0.263180

68     138 H                     0.262533

69     139 H                     0.209725

70     140 H                     0.220654

71     141 H                     0.257458

72     142 H                     0.264233

73     143 H                     0.211255

74     144 H                     0.230079

75     145 H                     0.225751

76     146 H                     0.273595

77     147 H                     0.270853

78     148 H                     0.211009

79     149 H                     0.231276

80     150 H                     0.274178

81     151 H                     0.264967

82     152 H                     0.221979

83     153 H                     0.230653

84     154 H                     0.222985

85     155 H                     0.270420

86     156 H                     0.265035

87     157 H                     0.210890

88     158 H                     0.219040

89     159 H                     0.272725

90     160 H                     0.260865

91     161 H                     0.233851

92     162 H                     0.216514

93     163 H                     0.224627

94     164 H                     0.272010

95     165 H                     0.257993

96     166 H                     0.228614

97     167 H                     0.218306

98     168 H                     0.278133

99     169 H                     0.257429

100     170 H                     0.223012

101       1 C                     0.294916

102       2 C                     0.046655

103       3 C                     0.006286

104       4 C                    -0.165602

105       5 C                    -0.024371

106       6 C                     0.191361

107       7 C                    -0.214108

108       8 C                     0.206364

109       9 C                     0.007270

110      10 C                     0.083205

111      11 C                    -0.203504

112      12 C                    -0.077733

113      13 C                     0.070633

114      14 C                     0.145543

115      15 C                     0.286272

116      16 C                    -0.246891

117      17 C                    -0.045629

118      18 C                    -0.209490

119      19 C                    -0.025086

120      20 C                    -0.385646

121      21 C                    -0.347728

122      22 C                     0.160049

123      23 C                     0.378380

124      24 C                    -0.195633

125      25 C                     0.137092

126      26 C                    -0.024316

127      27 C                    -0.094380

128      28 C                    -0.102777

129      29 C                    -0.066177

130      30 C                    -0.418570

131      31 C                     0.362753

132      32 C                     0.110298

133      33 C                     0.260346

134      34 C                     0.101951

135      35 C                     0.376370

136      36 C                     0.186003

137      37 C                     0.099202

138      38 C                     0.204947

139      39 C                     0.408520

140      40 C                    -0.032392

141      41 C                    -0.172078

142      42 C                    -0.207412

143      43 C                    -0.418307

144      44 C                    -0.005733

145      45 C                     0.038157

146      46 C                    -0.352533

147      47 C                    -0.099640

148      48 C                    -0.063411

149      49 C                    -0.230615

150      50 C                    -0.079803

151      51 C                     0.078552

152      52 C                     0.032865

153      53 C                    -0.011422

154      54 C                     0.383334

155      55 C                    -0.253725

156      56 C                     0.155469

157      57 C                     0.074722

158      58 C                     0.106255

159      59 C                     0.232661

160      60 C                     0.054360

161      61 C                    -0.097905

162      62 C                    -0.033301

163      63 C                    -0.292293

164      64 C                     0.094527

165      65 C                     0.016889

166      66 C                    -0.128702

167      67 C                    -0.152159

168      68 C                     0.034027

169      69 C                     0.047147

170      70 C                    -0.065297

