1 -0.224245
2 -0.28635
3 -0.346513
4 0.26202
5 0.225867
6 0.142834
7 -0.356175
8 -0.230858
9 -0.264055
10 -0.413699
11 0.27432
12 0.114716
13 0.23806
14 -0.381691
15 -0.202825
16 -0.253742
17 -0.231697
18 -0.380615
19 -0.079757
20 0.263038
21 -0.308665
22 -0.310122
23 0.135032
24 0.410511
25 -0.463698
26 -0.309845
27 0.194758
28 0.101515
29 0.115363
30 0.264846
31 -0.430396
32 -0.223346
33 -0.259332
34 -0.234957
35 -0.370629
36 0.351976
37 -0.438175
38 -0.251796
39 -0.26826
40 -0.364074
41 0.203205
42 0.04774
43 0.280853
44 -0.380548
45 -0.260512
46 -0.212914
47 -0.26645
48 -0.425859
49 0.112355
50 0.1916
51 -0.270015
52 -0.50249
53 0.430721
54 0.108236
55 -0.317076
56 -0.36117
57 0.209824
58 -0.052601
59 -0.329334
60 -0.011653
61 0.018475
62 -0.465446
63 -0.390233
64 -0.254091
65 0.227205
66 0.22888
67 0.263176
68 0.262538
69 0.209751
70 0.220674
71 0.257468
72 0.264286
73 0.211395
74 0.230079
75 0.225894
76 0.273811
77 0.270944
78 0.211087
79 0.231303
80 0.274169
81 0.265017
82 0.222071
83 0.230653
84 0.223112
85 0.270411
86 0.265049
87 0.210917
88 0.219047
89 0.272735
90 0.260833
91 0.233935
92 0.216514
93 0.224744
94 0.272062
95 0.25797
96 0.228659
97 0.21827
98 0.278205
99 0.257456
100 0.223065
101 0.295298
102 0.043736
103 0.004276
104 -0.174985
105 -0.031587
106 0.183885
107 -0.217709
108 0.208391
109 -0.006859
110 0.078467
111 -0.201565
112 -0.098681
113 0.062504
114 0.144835
115 0.267581
116 -0.249434
117 -0.048613
118 -0.22061
119 -0.023398
120 -0.386752
121 -0.362789
122 0.14632
123 0.369727
124 -0.199859
125 0.105568
126 -0.058294
127 -0.121127
128 -0.120985
129 -0.074522
130 -0.427825
131 0.34157
132 0.100114
133 0.239577
134 0.086347
135 0.347448
136 0.131658
137 0.066313
138 0.120359
139 0.395188
140 -0.082228
141 -0.170327
142 -0.224519
143 -0.428885
144 -0.007275
145 0.035484
146 -0.381482
147 -0.115273
148 -0.106753
149 -0.285144
150 -0.104564
151 0.072035
152 0.025133
153 -0.016404
154 0.385654
155 -0.256791
156 0.157468
157 0.067776
158 0.104669
159 0.233184
160 0.050706
161 -0.104344
162 -0.060781
163 -0.326002
164 0.086407
165 0.013559
166 -0.13418
167 -0.154049
168 0.033961
169 0.035342
170 -0.081287
