1      71 C                    -0.224328

2      72 C                    -0.286370

3      73 C                    -0.346627

4      74 C                     0.261883

5      75 C                     0.227927

6      76 C                     0.142070

7      77 C                    -0.357118

8      78 C                    -0.232902

9      79 C                    -0.263385

10      80 C                    -0.416535

11      81 C                     0.275351

12      82 C                     0.110429

13      83 C                     0.237097

14      84 C                    -0.382474

15      85 C                    -0.202911

16      86 C                    -0.254720

17      87 C                    -0.231741

18      88 C                    -0.381967

19      89 C                    -0.083737

20      90 C                     0.265487

21      91 C                    -0.310062

22      92 C                    -0.308210

23      93 C                     0.135016

24      94 C                     0.410048

25      95 C                    -0.461110

26      96 C                    -0.309547

27      97 C                     0.197686

28      98 C                     0.100422

29      99 C                     0.113226

30     100 C                     0.264437

31     101 C                    -0.430590

32     102 C                    -0.223407

33     103 C                    -0.259784

34     104 C                    -0.234953

35     105 C                    -0.371142

36     106 C                     0.352365

37     107 C                    -0.439820

38     108 C                    -0.252478

39     109 C                    -0.268707

40     110 C                    -0.365388

41     111 C                     0.203269

42     112 C                     0.047212

43     113 C                     0.280677

44     114 C                    -0.380732

45     115 C                    -0.260491

46     116 C                    -0.213085

47     117 C                    -0.266454

48     118 C                    -0.425995

49     119 C                     0.111130

50     120 C                     0.199258

51     121 C                    -0.271217

52     122 C                    -0.492371

53     123 C                     0.433121

54     124 C                     0.115770

55     125 C                    -0.307765

56     126 C                    -0.360059

57     127 C                     0.221097

58     128 C                    -0.053300

59     129 C                    -0.330564

60     130 C                    -0.010735

61     131 C                     0.019832

62     132 C                    -0.464584

63     133 C                    -0.390232

64     134 C                    -0.254107

65     135 H                     0.227204

66     136 H                     0.228885

67     137 H                     0.263170

68     138 H                     0.262540

69     139 H                     0.209751

70     140 H                     0.220667

71     141 H                     0.257463

72     142 H                     0.264256

73     143 H                     0.211373

74     144 H                     0.230076

75     145 H                     0.225866

76     146 H                     0.273606

77     147 H                     0.270929

78     148 H                     0.211088

79     149 H                     0.231255

80     150 H                     0.274165

81     151 H                     0.264994

82     152 H                     0.222065

83     153 H                     0.230653

84     154 H                     0.223106

85     155 H                     0.270411

86     156 H                     0.265047

87     157 H                     0.210916

88     158 H                     0.219047

89     159 H                     0.272735

90     160 H                     0.260827

91     161 H                     0.233924

92     162 H                     0.216514

93     163 H                     0.224738

94     164 H                     0.272066

95     165 H                     0.257960

96     166 H                     0.228658

97     167 H                     0.218313

98     168 H                     0.278194

99     169 H                     0.257459

100     170 H                     0.223066

101       1 C                     0.273125

102       2 C                     0.048765

103       3 C                    -0.007726

104       4 C                    -0.182823

105       5 C                    -0.032023

106       6 C                     0.191447

107       7 C                    -0.214130

108       8 C                     0.209991

109       9 C                     0.000602

110      10 C                     0.066083

111      11 C                    -0.215596

112      12 C                    -0.081976

113      13 C                     0.009202

114      14 C                     0.101695

115      15 C                     0.288455

116      16 C                    -0.262855

117      17 C                    -0.082572

118      18 C                    -0.217953

119      19 C                    -0.025623

120      20 C                    -0.390315

121      21 C                    -0.350261

122      22 C                     0.129091

123      23 C                     0.373968

124      24 C                    -0.197644

125      25 C                     0.065473

126      26 C                    -0.076228

127      27 C                    -0.110599

128      28 C                    -0.156963

129      29 C                    -0.070698

130      30 C                    -0.434373

131      31 C                     0.362883

132      32 C                     0.110033

133      33 C                     0.259958

134      34 C                     0.092826

135      35 C                     0.372887

136      36 C                     0.173692

137      37 C                     0.093215

138      38 C                     0.194905

139      39 C                     0.407372

140      40 C                    -0.039657

141      41 C                    -0.184517

142      42 C                    -0.212250

143      43 C                    -0.421610

144      44 C                    -0.011240

145      45 C                     0.007221

146      46 C                    -0.357423

147      47 C                    -0.143108

148      48 C                    -0.084086

149      49 C                    -0.276190

150      50 C                    -0.153880

151      51 C                     0.071219

152      52 C                    -0.005719

153      53 C                    -0.010147

154      54 C                     0.379048

155      55 C                    -0.253614

156      56 C                     0.157367

157      57 C                     0.057295

158      58 C                     0.103462

159      59 C                     0.213813

160      60 C                     0.020955

161      61 C                    -0.100201

162      62 C                    -0.032778

163      63 C                    -0.290329

164      64 C                     0.090484

165      65 C                     0.016151

166      66 C                    -0.147841

167      67 C                    -0.151854

168      68 C                     0.027281

169      69 C                     0.040370

170      70 C                    -0.079624

