1      71 C                    -0.225796

2      72 C                    -0.286581

3      73 C                    -0.348819

4      74 C                     0.261018

5      75 C                     0.192689

6      76 C                     0.141733

7      77 C                    -0.367094

8      78 C                    -0.232717

9      79 C                    -0.271732

10      80 C                    -0.419913

11      81 C                     0.272071

12      82 C                     0.087900

13      83 C                     0.238421

14      84 C                    -0.384021

15      85 C                    -0.202899

16      86 C                    -0.255272

17      87 C                    -0.231640

18      88 C                    -0.383275

19      89 C                    -0.061372

20      90 C                     0.209462

21      91 C                    -0.312128

22      92 C                    -0.356743

23      93 C                     0.110815

24      94 C                     0.377301

25      95 C                    -0.507494

26      96 C                    -0.317659

27      97 C                     0.140505

28      98 C                     0.100897

29      99 C                     0.080775

30     100 C                     0.264035

31     101 C                    -0.432984

32     102 C                    -0.223952

33     103 C                    -0.261829

34     104 C                    -0.235165

35     105 C                    -0.374005

36     106 C                     0.349423

37     107 C                    -0.446064

38     108 C                    -0.254669

39     109 C                    -0.274955

40     110 C                    -0.369292

41     111 C                     0.200341

42     112 C                     0.025035

43     113 C                     0.280857

44     114 C                    -0.380719

45     115 C                    -0.260610

46     116 C                    -0.212984

47     117 C                    -0.266017

48     118 C                    -0.426565

49     119 C                     0.122271

50     120 C                     0.145586

51     121 C                    -0.271803

52     122 C                    -0.550215

53     123 C                     0.410005

54     124 C                     0.076758

55     125 C                    -0.361203

56     126 C                    -0.369715

57     127 C                     0.162887

58     128 C                    -0.052596

59     129 C                    -0.324710

60     130 C                    -0.005937

61     131 C                     0.022870

62     132 C                    -0.463869

63     133 C                    -0.391668

64     134 C                    -0.254370

65     135 H                     0.227204

66     136 H                     0.228766

67     137 H                     0.263168

68     138 H                     0.262538

69     139 H                     0.209728

70     140 H                     0.220675

71     141 H                     0.257478

72     142 H                     0.264272

73     143 H                     0.211332

74     144 H                     0.230081

75     145 H                     0.225785

76     146 H                     0.273634

77     147 H                     0.270890

78     148 H                     0.211069

79     149 H                     0.231278

80     150 H                     0.274185

81     151 H                     0.264981

82     152 H                     0.222001

83     153 H                     0.230653

84     154 H                     0.223013

85     155 H                     0.270413

86     156 H                     0.265040

87     157 H                     0.210898

88     158 H                     0.219045

89     159 H                     0.272721

90     160 H                     0.260775

91     161 H                     0.233873

92     162 H                     0.216514

93     163 H                     0.224690

94     164 H                     0.272021

95     165 H                     0.257992

96     166 H                     0.228619

97     167 H                     0.218307

98     168 H                     0.278143

99     169 H                     0.257434

100     170 H                     0.223022

101       1 C                     0.288992

102       2 C                     0.033157

103       3 C                    -0.004109

104       4 C                    -0.188909

105       5 C                    -0.033436

106       6 C                     0.182580

107       7 C                    -0.231957

108       8 C                     0.194939

109       9 C                     0.007931

110      10 C                     0.079783

111      11 C                    -0.211785

112      12 C                    -0.085505

113      13 C                     0.055279

114      14 C                     0.139959

115      15 C                     0.284204

116      16 C                    -0.236711

117      17 C                    -0.062181

118      18 C                    -0.219555

119      19 C                    -0.007781

120      20 C                    -0.360714

121      21 C                    -0.327210

122      22 C                     0.140307

123      23 C                     0.406480

124      24 C                    -0.212004

125      25 C                     0.121569

126      26 C                    -0.029500

127      27 C                    -0.087881

128      28 C                    -0.117602

129      29 C                    -0.072330

130      30 C                    -0.421226

131      31 C                     0.363827

132      32 C                     0.110113

133      33 C                     0.267471

134      34 C                     0.094851

135      35 C                     0.375627

136      36 C                     0.183264

137      37 C                     0.098340

138      38 C                     0.209763

139      39 C                     0.408532

140      40 C                    -0.035461

141      41 C                    -0.171206

142      42 C                    -0.224665

143      43 C                    -0.420230

144      44 C                     0.008308

145      45 C                     0.031717

146      46 C                    -0.339278

147      47 C                    -0.111945

148      48 C                    -0.075094

149      49 C                    -0.234620

150      50 C                    -0.105411

151      51 C                     0.084164

152      52 C                     0.021897

153      53 C                    -0.000113

154      54 C                     0.386252

155      55 C                    -0.265873

156      56 C                     0.155120

157      57 C                     0.077723

158      58 C                     0.097672

159      59 C                     0.231318

160      60 C                     0.040542

161      61 C                    -0.096418

162      62 C                    -0.042247

163      63 C                    -0.295755

164      64 C                     0.089865

165      65 C                     0.015077

166      66 C                    -0.140624

167      67 C                    -0.158074

168      68 C                     0.023242

169      69 C                     0.042633

170      70 C                    -0.079931

