1      71 C                    -0.224768

2      72 C                    -0.286429

3      73 C                    -0.346805

4      74 C                     0.261769

5      75 C                     0.219258

6      76 C                     0.131164

7      77 C                    -0.359739

8      78 C                    -0.238818

9      79 C                    -0.269431

10      80 C                    -0.418893

11      81 C                     0.266195

12      82 C                     0.097360

13      83 C                     0.236792

14      84 C                    -0.384287

15      85 C                    -0.203060

16      86 C                    -0.256711

17      87 C                    -0.231962

18      88 C                    -0.383479

19      89 C                    -0.102632

20      90 C                     0.196988

21      91 C                    -0.330182

22      92 C                    -0.366252

23      93 C                     0.088647

24      94 C                     0.369042

25      95 C                    -0.515252

26      96 C                    -0.330678

27      97 C                     0.137154

28      98 C                     0.085756

29      99 C                     0.102656

30     100 C                     0.264704

31     101 C                    -0.432069

32     102 C                    -0.223277

33     103 C                    -0.260767

34     104 C                    -0.235178

35     105 C                    -0.371426

36     106 C                     0.342657

37     107 C                    -0.441137

38     108 C                    -0.259142

39     109 C                    -0.274283

40     110 C                    -0.367130

41     111 C                     0.194005

42     112 C                     0.038700

43     113 C                     0.280585

44     114 C                    -0.381060

45     115 C                    -0.260526

46     116 C                    -0.213341

47     117 C                    -0.266437

48     118 C                    -0.426096

49     119 C                     0.099392

50     120 C                     0.136699

51     121 C                    -0.289013

52     122 C                    -0.559486

53     123 C                     0.392559

54     124 C                     0.069283

55     125 C                    -0.371628

56     126 C                    -0.379380

57     127 C                     0.157443

58     128 C                    -0.065114

59     129 C                    -0.329714

60     130 C                    -0.010717

61     131 C                     0.017056

62     132 C                    -0.465342

63     133 C                    -0.390797

64     134 C                    -0.254135

65     135 H                     0.227199

66     136 H                     0.228841

67     137 H                     0.263173

68     138 H                     0.262531

69     139 H                     0.209743

70     140 H                     0.220659

71     141 H                     0.257475

72     142 H                     0.264300

73     143 H                     0.211336

74     144 H                     0.230070

75     145 H                     0.225820

76     146 H                     0.273671

77     147 H                     0.270896

78     148 H                     0.210814

79     149 H                     0.231218

80     150 H                     0.274179

81     151 H                     0.265017

82     152 H                     0.222040

83     153 H                     0.230643

84     154 H                     0.223076

85     155 H                     0.270443

86     156 H                     0.265033

87     157 H                     0.210872

88     158 H                     0.219018

89     159 H                     0.272703

90     160 H                     0.260825

91     161 H                     0.233896

92     162 H                     0.216506

93     163 H                     0.224715

94     164 H                     0.272068

95     165 H                     0.257938

96     166 H                     0.228641

97     167 H                     0.218351

98     168 H                     0.278171

99     169 H                     0.257448

100     170 H                     0.223056

101       1 C                     0.293805

102       2 C                     0.044675

103       3 C                     0.004928

104       4 C                    -0.169005

105       5 C                    -0.027098

106       6 C                     0.190832

107       7 C                    -0.217298

108       8 C                     0.203376

109       9 C                     0.006167

110      10 C                     0.081311

111      11 C                    -0.204943

112      12 C                    -0.080427

113      13 C                     0.070315

114      14 C                     0.144188

115      15 C                     0.286661

116      16 C                    -0.245924

117      17 C                    -0.046412

118      18 C                    -0.208893

119      19 C                    -0.027409

120      20 C                    -0.387277

121      21 C                    -0.347605

122      22 C                     0.160207

123      23 C                     0.378817

124      24 C                    -0.197279

125      25 C                     0.136377

126      26 C                    -0.024655

127      27 C                    -0.093729

128      28 C                    -0.103833

129      29 C                    -0.067606

130      30 C                    -0.418616

131      31 C                     0.363082

132      32 C                     0.109218

133      33 C                     0.260616

134      34 C                     0.101630

135      35 C                     0.377297

136      36 C                     0.186088

137      37 C                     0.098109

138      38 C                     0.205720

139      39 C                     0.408685

140      40 C                    -0.032849

141      41 C                    -0.172256

142      42 C                    -0.209597

143      43 C                    -0.419342

144      44 C                    -0.007385

145      45 C                     0.037149

146      46 C                    -0.352269

147      47 C                    -0.099614

148      48 C                    -0.063193

149      49 C                    -0.230566

150      50 C                    -0.082089

151      51 C                     0.078447

152      52 C                     0.032465

153      53 C                    -0.012836

154      54 C                     0.382209

155      55 C                    -0.254001

156      56 C                     0.153760

157      57 C                     0.075070

158      58 C                     0.105867

159      59 C                     0.233215

160      60 C                     0.054077

161      61 C                    -0.097702

162      62 C                    -0.033144

163      63 C                    -0.292726

164      64 C                     0.094577

165      65 C                     0.017683

166      66 C                    -0.130622

167      67 C                    -0.153419

168      68 C                     0.032596

169      69 C                     0.046594

170      70 C                    -0.065872

