1      71 C                    -0.225070

2      72 C                    -0.286451

3      73 C                    -0.347870

4      74 C                     0.261667

5      75 C                     0.200601

6      76 C                     0.142437

7      77 C                    -0.361962

8      78 C                    -0.229290

9      79 C                    -0.270274

10      80 C                    -0.413612

11      81 C                     0.271758

12      82 C                     0.099840

13      83 C                     0.240508

14      84 C                    -0.382171

15      85 C                    -0.202607

16      86 C                    -0.252966

17      87 C                    -0.231558

18      88 C                    -0.380595

19      89 C                    -0.055866

20      90 C                     0.212544

21      91 C                    -0.304397

22      92 C                    -0.356967

23      93 C                     0.116711

24      94 C                     0.376911

25      95 C                    -0.505592

26      96 C                    -0.317734

27      97 C                     0.141505

28      98 C                     0.100424

29      99 C                     0.082705

30     100 C                     0.264109

31     101 C                    -0.432821

32     102 C                    -0.223910

33     103 C                    -0.261651

34     104 C                    -0.235156

35     105 C                    -0.373750

36     106 C                     0.351654

37     107 C                    -0.444563

38     108 C                    -0.250318

39     109 C                    -0.274995

40     110 C                    -0.365730

41     111 C                     0.201098

42     112 C                     0.032818

43     113 C                     0.281919

44     114 C                    -0.379687

45     115 C                    -0.260568

46     116 C                    -0.212479

47     117 C                    -0.265508

48     118 C                    -0.426282

49     119 C                     0.130174

50     120 C                     0.150874

51     121 C                    -0.265424

52     122 C                    -0.549256

53     123 C                     0.420032

54     124 C                     0.077676

55     125 C                    -0.359406

56     126 C                    -0.368626

57     127 C                     0.162477

58     128 C                    -0.052553

59     129 C                    -0.326789

60     130 C                    -0.003127

61     131 C                     0.024649

62     132 C                    -0.461567

63     133 C                    -0.391181

64     134 C                    -0.254288

65     135 H                     0.227208

66     136 H                     0.228789

67     137 H                     0.263178

68     138 H                     0.262540

69     139 H                     0.209735

70     140 H                     0.220689

71     141 H                     0.257488

72     142 H                     0.264299

73     143 H                     0.211379

74     144 H                     0.230080

75     145 H                     0.225811

76     146 H                     0.273608

77     147 H                     0.270918

78     148 H                     0.211071

79     149 H                     0.231280

80     150 H                     0.274189

81     151 H                     0.264986

82     152 H                     0.222004

83     153 H                     0.230653

84     154 H                     0.223018

85     155 H                     0.270411

86     156 H                     0.265040

87     157 H                     0.210903

88     158 H                     0.219048

89     159 H                     0.272716

90     160 H                     0.260781

91     161 H                     0.233909

92     162 H                     0.216517

93     163 H                     0.224724

94     164 H                     0.272030

95     165 H                     0.257992

96     166 H                     0.228617

97     167 H                     0.218318

98     168 H                     0.278169

99     169 H                     0.257440

100     170 H                     0.223032

101       1 C                     0.285241

102       2 C                     0.039860

103       3 C                    -0.017992

104       4 C                    -0.169571

105       5 C                    -0.031587

106       6 C                     0.189350

107       7 C                    -0.227627

108       8 C                     0.201251

109       9 C                     0.030826

110      10 C                     0.065464

111      11 C                    -0.227707

112      12 C                    -0.052529

113      13 C                     0.035062

114      14 C                     0.124338

115      15 C                     0.295431

116      16 C                    -0.236523

117      17 C                    -0.048756

118      18 C                    -0.216007

119      19 C                    -0.021343

120      20 C                    -0.373084

121      21 C                    -0.339549

122      22 C                     0.150543

123      23 C                     0.393134

124      24 C                    -0.209688

125      25 C                     0.108450

126      26 C                    -0.035585

127      27 C                    -0.103745

128      28 C                    -0.119963

129      29 C                    -0.064586

130      30 C                    -0.426675

131      31 C                     0.364288

132      32 C                     0.107246

133      33 C                     0.261067

134      34 C                     0.095950

135      35 C                     0.382424

136      36 C                     0.174148

137      37 C                     0.094892

138      38 C                     0.199896

139      39 C                     0.407706

140      40 C                    -0.036313

141      41 C                    -0.181220

142      42 C                    -0.221020

143      43 C                    -0.426410

144      44 C                    -0.002763

145      45 C                     0.032336

146      46 C                    -0.346408

147      47 C                    -0.123878

148      48 C                    -0.080163

149      49 C                    -0.239606

150      50 C                    -0.115524

151      51 C                     0.084549

152      52 C                     0.013728

153      53 C                    -0.006768

154      54 C                     0.385024

155      55 C                    -0.261598

156      56 C                     0.154990

157      57 C                     0.066125

158      58 C                     0.100268

159      59 C                     0.224774

160      60 C                     0.040628

161      61 C                    -0.097859

162      62 C                    -0.039444

163      63 C                    -0.293604

164      64 C                     0.092788

165      65 C                     0.016074

166      66 C                    -0.141449

167      67 C                    -0.154107

168      68 C                     0.019376

169      69 C                     0.038825

170      70 C                    -0.078435

