1 -0.224328
2 -0.28637
3 -0.346627
4 0.261883
5 0.227927
6 0.14207
7 -0.357118
8 -0.232902
9 -0.263385
10 -0.416535
11 0.275351
12 0.110429
13 0.237097
14 -0.382474
15 -0.202911
16 -0.25472
17 -0.231741
18 -0.381967
19 -0.083737
20 0.265487
21 -0.310062
22 -0.30821
23 0.135016
24 0.410048
25 -0.46111
26 -0.309547
27 0.197686
28 0.100422
29 0.113226
30 0.264437
31 -0.43059
32 -0.223407
33 -0.259784
34 -0.234953
35 -0.371142
36 0.352365
37 -0.43982
38 -0.252478
39 -0.268707
40 -0.365388
41 0.203269
42 0.047212
43 0.280677
44 -0.380732
45 -0.260491
46 -0.213085
47 -0.266454
48 -0.425995
49 0.11113
50 0.199258
51 -0.271217
52 -0.492371
53 0.433121
54 0.11577
55 -0.307765
56 -0.360059
57 0.221097
58 -0.0533
59 -0.330564
60 -0.010735
61 0.019832
62 -0.464584
63 -0.390232
64 -0.254107
65 0.227204
66 0.228885
67 0.26317
68 0.26254
69 0.209751
70 0.220667
71 0.257463
72 0.264256
73 0.211373
74 0.230076
75 0.225866
76 0.273606
77 0.270929
78 0.211088
79 0.231255
80 0.274165
81 0.264994
82 0.222065
83 0.230653
84 0.223106
85 0.270411
86 0.265047
87 0.210916
88 0.219047
89 0.272735
90 0.260827
91 0.233924
92 0.216514
93 0.224738
94 0.272066
95 0.25796
96 0.228658
97 0.218313
98 0.278194
99 0.257459
100 0.223066
101 0.273125
102 0.048765
103 -0.007726
104 -0.182823
105 -0.032023
106 0.191447
107 -0.21413
108 0.209991
109 0.000602
110 0.066083
111 -0.215596
112 -0.081976
113 0.009202
114 0.101695
115 0.288455
116 -0.262855
117 -0.082572
118 -0.217953
119 -0.025623
120 -0.390315
121 -0.350261
122 0.129091
123 0.373968
124 -0.197644
125 0.065473
126 -0.076228
127 -0.110599
128 -0.156963
129 -0.070698
130 -0.434373
131 0.362883
132 0.110033
133 0.259958
134 0.092826
135 0.372887
136 0.173692
137 0.093215
138 0.194905
139 0.407372
140 -0.039657
141 -0.184517
142 -0.21225
143 -0.42161
144 -0.01124
145 0.007221
146 -0.357423
147 -0.143108
148 -0.084086
149 -0.27619
150 -0.15388
151 0.071219
152 -0.005719
153 -0.010147
154 0.379048
155 -0.253614
156 0.157367
157 0.057295
158 0.103462
159 0.213813
160 0.020955
161 -0.100201
162 -0.032778
163 -0.290329
164 0.090484
165 0.016151
166 -0.147841
167 -0.151854
168 0.027281
169 0.04037
170 -0.079624
