1 -0.225796
2 -0.286581
3 -0.348819
4 0.261018
5 0.192689
6 0.141733
7 -0.367094
8 -0.232717
9 -0.271732
10 -0.419913
11 0.272071
12 0.0879
13 0.238421
14 -0.384021
15 -0.202899
16 -0.255272
17 -0.23164
18 -0.383275
19 -0.061372
20 0.209462
21 -0.312128
22 -0.356743
23 0.110815
24 0.377301
25 -0.507494
26 -0.317659
27 0.140505
28 0.100897
29 0.080775
30 0.264035
31 -0.432984
32 -0.223952
33 -0.261829
34 -0.235165
35 -0.374005
36 0.349423
37 -0.446064
38 -0.254669
39 -0.274955
40 -0.369292
41 0.200341
42 0.025035
43 0.280857
44 -0.380719
45 -0.26061
46 -0.212984
47 -0.266017
48 -0.426565
49 0.122271
50 0.145586
51 -0.271803
52 -0.550215
53 0.410005
54 0.076758
55 -0.361203
56 -0.369715
57 0.162887
58 -0.052596
59 -0.32471
60 -0.005937
61 0.02287
62 -0.463869
63 -0.391668
64 -0.25437
65 0.227204
66 0.228766
67 0.263168
68 0.262538
69 0.209728
70 0.220675
71 0.257478
72 0.264272
73 0.211332
74 0.230081
75 0.225785
76 0.273634
77 0.27089
78 0.211069
79 0.231278
80 0.274185
81 0.264981
82 0.222001
83 0.230653
84 0.223013
85 0.270413
86 0.26504
87 0.210898
88 0.219045
89 0.272721
90 0.260775
91 0.233873
92 0.216514
93 0.22469
94 0.272021
95 0.257992
96 0.228619
97 0.218307
98 0.278143
99 0.257434
100 0.223022
101 0.288992
102 0.033157
103 -0.004109
104 -0.188909
105 -0.033436
106 0.18258
107 -0.231957
108 0.194939
109 0.007931
110 0.079783
111 -0.211785
112 -0.085505
113 0.055279
114 0.139959
115 0.284204
116 -0.236711
117 -0.062181
118 -0.219555
119 -0.007781
120 -0.360714
121 -0.32721
122 0.140307
123 0.40648
124 -0.212004
125 0.121569
126 -0.0295
127 -0.087881
128 -0.117602
129 -0.07233
130 -0.421226
131 0.363827
132 0.110113
133 0.267471
134 0.094851
135 0.375627
136 0.183264
137 0.09834
138 0.209763
139 0.408532
140 -0.035461
141 -0.171206
142 -0.224665
143 -0.42023
144 0.008308
145 0.031717
146 -0.339278
147 -0.111945
148 -0.075094
149 -0.23462
150 -0.105411
151 0.084164
152 0.021897
153 -0.000113
154 0.386252
155 -0.265873
156 0.15512
157 0.077723
158 0.097672
159 0.231318
160 0.040542
161 -0.096418
162 -0.042247
163 -0.295755
164 0.089865
165 0.015077
166 -0.140624
167 -0.158074
168 0.023242
169 0.042633
170 -0.079931
