1 -0.226423
2 -0.286626
3 -0.349698
4 0.26038
5 0.186009
6 0.136724
7 -0.372285
8 -0.241698
9 -0.272528
10 -0.430419
11 0.270307
12 0.067015
13 0.234665
14 -0.386929
15 -0.203459
16 -0.259089
17 -0.231769
18 -0.388015
19 -0.08444
20 0.201656
21 -0.321393
22 -0.358473
23 0.092572
24 0.375713
25 -0.510549
26 -0.320362
27 0.138287
28 0.100598
29 0.070748
30 0.262965
31 -0.433932
32 -0.22422
33 -0.263152
34 -0.235258
35 -0.375653
36 0.346166
37 -0.451906
38 -0.263255
39 -0.275833
40 -0.378171
41 0.199685
42 0.007243
43 0.279406
44 -0.382418
45 -0.260723
46 -0.214086
47 -0.266573
48 -0.427372
49 0.110931
50 0.138906
51 -0.279696
52 -0.552693
53 0.398988
54 0.07455
55 -0.365714
56 -0.371267
57 0.158668
58 -0.052821
59 -0.330494
60 -0.010455
61 0.019057
62 -0.465624
63 -0.392088
64 -0.254473
65 0.227204
66 0.228747
67 0.26318
68 0.262533
69 0.209725
70 0.220654
71 0.257458
72 0.264233
73 0.211255
74 0.230079
75 0.225751
76 0.273595
77 0.270853
78 0.211009
79 0.231276
80 0.274178
81 0.264967
82 0.221979
83 0.230653
84 0.222985
85 0.27042
86 0.265035
87 0.21089
88 0.21904
89 0.272725
90 0.260865
91 0.233851
92 0.216514
93 0.224627
94 0.27201
95 0.257993
96 0.228614
97 0.218306
98 0.278133
99 0.257429
100 0.223012
101 0.294916
102 0.046655
103 0.006286
104 -0.165602
105 -0.024371
106 0.191361
107 -0.214108
108 0.206364
109 0.00727
110 0.083205
111 -0.203504
112 -0.077733
113 0.070633
114 0.145543
115 0.286272
116 -0.246891
117 -0.045629
118 -0.20949
119 -0.025086
120 -0.385646
121 -0.347728
122 0.160049
123 0.37838
124 -0.195633
125 0.137092
126 -0.024316
127 -0.09438
128 -0.102777
129 -0.066177
130 -0.41857
131 0.362753
132 0.110298
133 0.260346
134 0.101951
135 0.37637
136 0.186003
137 0.099202
138 0.204947
139 0.40852
140 -0.032392
141 -0.172078
142 -0.207412
143 -0.418307
144 -0.005733
145 0.038157
146 -0.352533
147 -0.09964
148 -0.063411
149 -0.230615
150 -0.079803
151 0.078552
152 0.032865
153 -0.011422
154 0.383334
155 -0.253725
156 0.155469
157 0.074722
158 0.106255
159 0.232661
160 0.05436
161 -0.097905
162 -0.033301
163 -0.292293
164 0.094527
165 0.016889
166 -0.128702
167 -0.152159
168 0.034027
169 0.047147
170 -0.065297
