    1    2   0.003410  -0.003410   0.006820      0.1590534   2.118604   2.104939

    1    3   0.010133  -0.010133   0.020265      0.1468927   2.117585   2.036069

    1    4  -0.030531   0.030531  -0.061063     -0.0206242   2.114106   0.165975

    1    5  -0.052017   0.052017  -0.104034    -0.04043482   2.117963   0.237579

    1    6  -0.000704   0.000704  -0.001408  -0.0006428694   2.112191   0.174301

    1    7   0.009835  -0.009835   0.019670    0.009780609   2.112390   0.176143

    1    8  -0.004505   0.004505  -0.009009   -0.004467959   2.112231   0.158894

    1    9  -0.012642   0.012642  -0.025284    -0.01345146   2.112522   0.187127

    1   10  -0.006841   0.006841  -0.013681   -0.007383939   2.112286   0.175651

    1   11  -0.006138   0.006138  -0.012276     -0.2025499   2.114550   2.048332

    1   12  -0.002887   0.002887  -0.005774   -0.003291173   2.112207   0.153557

    1   13   0.005469  -0.005469   0.010938    0.006487555   2.112251   0.172735

    1   14   0.015228  -0.015228   0.030455     0.03174261   2.113013   0.985258

    1   15   0.011794  -0.011794   0.023588     0.02018275   2.112586   0.709291

    1   16  -0.022666   0.022666  -0.045333    -0.03030557   2.113316   0.287097

    1   17   0.022707  -0.022707   0.045414     0.03814155   2.113548   0.594260

    1   18   0.015118  -0.015118   0.030236     0.02001965   2.112660   0.167568

    1   19  -0.000423   0.000423  -0.000846   -0.004410001   2.112193   1.862034

    1   20  -0.001169   0.001169  -0.002338   -0.001677832   2.112193   0.244050

    1   21  -0.000162   0.000162  -0.000323  -0.0002484158   2.112190   0.298616

    1   22   0.002505  -0.002505   0.005010    0.003695568   2.112203   0.218784

    1   23   0.002743  -0.002743   0.005486    0.004216706   2.112206   0.237390

    1   24   0.005009  -0.005009   0.010018      0.0102389   2.112260   0.687367

    1   25  -0.010410   0.010410  -0.020820    -0.01565865   2.112413   0.171265

    2    3  -0.002623   0.002623  -0.005246    -0.02020224   2.111745   2.041073

    2    4   0.042279  -0.042279   0.084559     0.01470657   2.115025   0.164218

    2    5   0.009082  -0.009082   0.018165     0.00400705   2.111530   0.243176

    2    6  -0.056327   0.056327  -0.112654    -0.03269589   2.117883   0.167773

    2    7  -0.003257   0.003257  -0.006515   -0.002168279   2.111375   0.176321

    2    8  -0.006162   0.006162  -0.012324   -0.004102788   2.111431   0.158858

    2    9   0.040858  -0.040858   0.081716     0.02986415   2.114818   0.183994

    2   10  -0.004567   0.004567  -0.009133   -0.003427861   2.111396   0.175705

    2   11   0.004442  -0.004442   0.008884      0.1087632   2.112628   2.049417

    2   12  -0.004827   0.004827  -0.009654   -0.003932946   2.111401   0.153526

    2   13   0.007938  -0.007938   0.015877    0.006810831   2.111483   0.172666

    2   14   0.011320  -0.011320   0.022640     0.01722318   2.111808   0.985626

    2   15  -0.010564   0.010564  -0.021129     -0.0132896   2.111672   0.709369

    2   16  -0.003216   0.003216  -0.006431   -0.003182387   2.111376   0.288201

    2   17   0.021940  -0.021940   0.043879     0.02766658   2.112622   0.594349

    2   18   0.006967  -0.006967   0.013933    0.006947991   2.111453   0.167938

    2   19  -0.007097   0.007097  -0.014193    -0.05577087   2.112159   1.861231

    2   20   0.015826  -0.015826   0.031653     0.01730865   2.111890   0.243517

    2   21   0.007089  -0.007089   0.014178    0.008407596   2.111464   0.298505

    2   22   0.004211  -0.004211   0.008423    0.004797515   2.111391   0.218760

    2   23   0.008364  -0.008364   0.016728     0.01001637   2.111502   0.237256

    2   24   0.011539  -0.011539   0.023078     0.01842805   2.111727   0.687063

    2   25   0.014598  -0.014598   0.029197     0.01716842   2.111792   0.171049

    3    4   0.013169  -0.013169   0.026338    0.000943319   2.041835   0.167520

    3    5   0.180859  -0.180859   0.361717     0.02612564   2.111502   0.173315

    3    6   0.031923  -0.031923   0.063847     0.01002389   2.043645   0.172122

    3    7   0.029704  -0.029704   0.059408     0.01182194   2.043355   0.174452

    3    8  -0.031928   0.031928  -0.063856    -0.01278762   2.043628   0.156772

    3    9   0.022571  -0.022571   0.045141     0.01054209   2.042563   0.186360

    3   10  -0.018025   0.018025  -0.036050   -0.008772619   2.042161   0.175052

    3   11   0.021034  -0.021034   0.042068     -0.2493437   2.003758   2.088398

    3   12   0.034224  -0.034224   0.068447     0.01900169   2.043943   0.151095

    3   13   0.046114  -0.046114   0.092228     0.02748301   2.046006   0.168256

    3   14  -0.012325   0.012325  -0.024649    -0.01363823   2.042040   0.985506

    3   15  -0.026953   0.026953  -0.053905    -0.02460453   2.043643   0.707509

    3   16  -0.023154   0.023154  -0.046308    -0.01661686   2.042687   0.287001

    3   17   0.012996  -0.012996   0.025993     0.01230923   2.041932   0.595151

    3   18  -0.001698   0.001698  -0.003395   -0.001263257   2.041471   0.168032

    3   19  -0.009757   0.009757  -0.019514    -0.07586112   2.043562   1.859939

    3   20   0.005484  -0.005484   0.010968    0.004573189   2.041532   0.243986

    3   21  -0.006264   0.006264  -0.012528   -0.005770957   2.041555   0.298526

    3   22  -0.013746   0.013746  -0.027493    -0.01215029   2.041879   0.218383

    3   23  -0.004437   0.004437  -0.008873   -0.004181052   2.041508   0.237362

    3   24   0.005660  -0.005660   0.011321    0.007235149   2.041559   0.687342

    3   25  -0.011370   0.011370  -0.022741    -0.01056533   2.041741   0.171212

    4    5   0.005152  -0.005152   0.010305   -0.009597996   0.166508   0.244734

    4    6   0.000043  -0.000043   0.000087   -0.003060039   0.167889   0.174304

    4    7  -0.007482   0.007482  -0.014965      0.1466505   0.156566   0.187667

    4    8  -0.004299   0.004299  -0.008598     -0.1377972   0.173107   0.153719

    4    9  -0.002796   0.002796  -0.005593     0.09090634   0.166405   0.188945

    4   10  -0.001906   0.001906  -0.003811      0.1348085   0.166346   0.177293

    4   11  -0.007572   0.007572  -0.015144    0.003494692   0.167769   2.050814

    4   12  -0.002508   0.002508  -0.005016     -0.1315218   0.169473   0.151991

    4   13   0.002471  -0.002471   0.004942      -0.220537   0.164826   0.175861

    4   14  -0.007615   0.007615  -0.015229    0.009624681   0.167607   0.986365

    4   15   0.007194  -0.007194   0.014388    -0.01439299   0.167509   0.710069

    4   16   0.004668  -0.004668   0.009337    -0.04315752   0.167170   0.288944

    4   17   0.012753  -0.012753   0.025506    -0.03659286   0.166375   0.597134

    4   18   0.003885  -0.003885   0.007770     -0.3149175   0.160194   0.175735

    4   19   0.005621  -0.005621   0.011243   -0.004291433   0.167816   1.862111

    4   20  -0.003072   0.003072  -0.006145      0.0543507   0.167398   0.244546

    4   21   0.001344  -0.001344   0.002688    -0.01511665   0.167835   0.298671

    4   22   0.004402  -0.004402   0.008805     -0.1207554   0.166410   0.220277

    4   23  -0.011983   0.011983  -0.023965      0.2222318   0.160429   0.244867

    4   24   0.010307  -0.010307   0.020615    -0.03157763   0.167074   0.688254

    4   25   0.003586  -0.003586   0.007171      -0.388908   0.162296   0.177082

    5    6   0.006781  -0.006781   0.013563     0.02812475   0.245921   0.171734

    5    7   0.009151  -0.009151   0.018302       0.055589   0.248025   0.171670

    5    8  -0.009277   0.009277  -0.018554    -0.04786117   0.247250   0.155037

    5    9   0.005938  -0.005938   0.011875      0.0573923   0.245771   0.185040

    5   10   0.000628  -0.000628   0.001256    0.005836306   0.243376   0.175725

    5   11  -0.074229   0.074229  -0.148458     0.02931668   0.231239   2.062805

    5   12   0.002411  -0.002411   0.004822     0.02058643   0.243610   0.153316

    5   13   0.015042  -0.015042   0.030084      0.1361218   0.254438   0.161711

    5   14  -0.024884   0.024884  -0.049767     0.02952592   0.240032   0.989401

    5   15   0.012157  -0.012157   0.024314    -0.02436652   0.242088   0.710951

    5   16   0.002369  -0.002369   0.004737    -0.05061386   0.242858   0.288718

    5   17   0.020066  -0.020066   0.040133    -0.06055498   0.238838   0.600133

    5   18  -0.001193   0.001193  -0.002387    -0.01761606   0.243428   0.167963

    5   19   0.047585  -0.047585   0.095169    -0.03350879   0.237776   1.867613

    5   20   0.009028  -0.009028   0.018055     -0.3047086   0.225644   0.261762

    5   21  -0.014687   0.014687  -0.029374      0.2414344   0.230656   0.311312

    5   22   0.005866  -0.005866   0.011733      0.2300285   0.248057   0.214092

    5   23   0.001667  -0.001667   0.003334      0.2649996   0.244846   0.235912

    5   24  -0.000732   0.000732  -0.001464    0.002392126   0.243347   0.687442

    5   25  -0.001765   0.001765  -0.003529    -0.03563407   0.243525   0.171315

    6    7  -0.004615   0.004615  -0.009230     0.03880032   0.166037   0.184608

    6    8  -0.000839   0.000839  -0.001678   -0.008965601   0.174483   0.158754

    6    9  -0.004475   0.004475  -0.008951     0.05626932   0.169772   0.191989

    6   10  -0.000187   0.000187  -0.000375     0.03694688   0.174211   0.175840

    6   11   0.017539  -0.017539   0.035077   -0.003882808   0.173647   2.051347

    6   12   0.003445  -0.003445   0.006889     0.06411576   0.176383   0.151493

    6   13  -0.000367   0.000367  -0.000735     -0.0927809   0.174601   0.172497

    6   14  -0.006538   0.006538  -0.013076    0.004680766   0.174092   0.986292

    6   15   0.002138  -0.002138   0.004277   -0.002524226   0.174268   0.709721

    6   16   0.002686  -0.002686   0.005372    -0.01578194   0.174050   0.288476

    6   17   0.001592  -0.001592   0.003184   -0.002956785   0.174278   0.595642

    6   18  -0.001293   0.001293  -0.002586     -0.1283431   0.175232   0.167108

    6   19   0.002642  -0.002642   0.005285   -0.001315212   0.174286   1.862053

    6   20   0.001327  -0.001327   0.002654    -0.01729087   0.174201   0.244154

    6   21  -0.008339   0.008339  -0.016678     0.06596819   0.172104   0.300814

    6   22  -0.001445   0.001445  -0.002890     0.03298551   0.174115   0.218984

    6   23   0.000702  -0.000702   0.001404    -0.01236896   0.174271   0.237437

    6   24  -0.022323   0.022323  -0.044647     0.04900108   0.170447   0.691293

    6   25  -0.007417   0.007417  -0.014835     -0.2863225   0.187796   0.157994

    7    8  -0.002598   0.002598  -0.005197   -0.001526198   0.177776   0.157502

    7    9  -0.001665   0.001665  -0.003330     0.01582831   0.175421   0.188380

    7   10  -0.002620   0.002620  -0.005239    -0.04116054   0.181293   0.170798

    7   11  -0.067718   0.067718  -0.135437    0.009280914   0.166607   2.060428

    7   12   0.001782  -0.001782   0.003563      0.0229363   0.176887   0.153029

    7   13   0.005751  -0.005751   0.011501     0.09272958   0.186206   0.162933

    7   14   0.024873  -0.024873   0.049746    -0.01296793   0.173298   0.989126

    7   15  -0.022744   0.022744  -0.045488     0.02000649   0.172491   0.713539

    7   16  -0.019339   0.019339  -0.038677     0.07338941   0.164274   0.300292

    7   17  -0.026074   0.026074  -0.052148      0.0378067   0.169954   0.602007

    7   18  -0.000924   0.000924  -0.001849    -0.06611707   0.176736   0.167645

    7   19  -0.001321   0.001321  -0.002642   0.0005359984   0.176339   1.862041

    7   20   0.004786  -0.004786   0.009572    -0.05136842   0.175016   0.245380

    7   21   0.003318  -0.003318   0.006637    -0.02325801   0.175983   0.298975

    7   22  -0.007697   0.007697  -0.015395      0.1273916   0.171348   0.223792

    7   23   0.013183  -0.013183   0.026366      -0.156283   0.166534   0.247214

    7   24  -0.014676   0.014676  -0.029352     0.02816035   0.174662   0.689117

    7   25  -0.001656   0.001656  -0.003311     -0.2004801   0.178021   0.169810

    8    9   0.005047  -0.005047   0.010093    -0.01606987   0.155725   0.190669

    8   10   0.005438  -0.005438   0.010876    -0.03026371   0.153596   0.181088

    8   11   0.043687  -0.043687   0.087375   -0.005694717   0.154908   2.054719

    8   12   0.000550  -0.000550   0.001101     0.02804011   0.159153   0.153357

    8   13  -0.005583   0.005583  -0.011166     0.07718791   0.152724   0.179008

    8   14  -0.005247   0.005247  -0.010493    0.002621618   0.158802   0.986215

    8   15   0.006514  -0.006514   0.013028   -0.005482259   0.158627   0.709995

    8   16   0.006829  -0.006829   0.013657    -0.02605925   0.157509   0.289650

    8   17   0.002378  -0.002378   0.004755   -0.003345265   0.158884   0.595670

    8   18  -0.001645   0.001645  -0.003290     0.09347264   0.157871   0.169102

    8   19  -0.017140   0.017140  -0.034279     0.00675723   0.158246   1.862726

    8   20  -0.002330   0.002330  -0.004661     0.02023061   0.158681   0.244308

    8   21   0.001062  -0.001062   0.002124   -0.006460387   0.158903   0.298648

    8   22  -0.001178   0.001178  -0.002356      0.0167968   0.158843   0.218890

    8   23   0.003952  -0.003952   0.007905    -0.04663658   0.158147   0.238194

    8   24   0.000353  -0.000353   0.000706  -0.0006515218   0.158934   0.687438

    8   25  -0.000105   0.000105  -0.000211    0.008234687   0.158932   0.171492

    9   10   0.007700  -0.007700   0.015400    0.009751081   0.198079   0.165128

    9   11   0.017707  -0.017707   0.035413   -0.001295039   0.186786   2.051365

    9   12  -0.001556   0.001556  -0.003112    -0.00830975   0.187742   0.153290

    9   13   0.007661  -0.007661   0.015322     0.05685737   0.197113   0.163142

    9   14  -0.047588   0.047588  -0.095177     0.01751477   0.176273   0.997268

    9   15   0.035674  -0.035674   0.071349     -0.0232449   0.177886   0.719260

    9   16   0.018513  -0.018513   0.037027    -0.05818402   0.175316   0.300366

    9   17   0.032938  -0.032938   0.065877    -0.03865175   0.177090   0.605987

    9   18  -0.002901   0.002901  -0.005803    -0.06758583   0.189061   0.166436

    9   19  -0.028222   0.028222  -0.056445    0.009428596   0.185558   1.863937

    9   20  -0.004566   0.004566  -0.009132     0.04852967   0.186022   0.245490

    9   21   0.005667  -0.005667   0.011333    -0.03690692   0.186315   0.299759

    9   22  -0.001109   0.001109  -0.002218     0.02609185   0.187303   0.218953

    9   23  -0.006218   0.006218  -0.012436     0.09286348   0.184534   0.240331

    9   24   0.035543  -0.035543   0.071085    -0.05907528   0.177549   0.697347

    9   25   0.002101  -0.002101   0.004202      0.1014106   0.188497   0.170450

   10   11   0.003813  -0.003813   0.007627  -0.0001924805   0.175717   2.050723

   10   12  -0.002649   0.002649  -0.005297    -0.01532997   0.176949   0.152373

   10   13   0.003752  -0.003752   0.007503     0.05160949   0.181919   0.166625

   10   14  -0.050902   0.050902  -0.101804     0.01586632   0.163154   0.998676

   10   15   0.044016  -0.044016   0.088032    -0.02434977   0.161609   0.723827

   10   16   0.022944  -0.022944   0.045888    -0.05552045   0.159402   0.304569

   10   17   0.034693  -0.034693   0.069386    -0.03621128   0.164579   0.606788

   10   18   0.002004  -0.002004   0.004008     0.08743335   0.177454   0.166332

   10   19   0.002244  -0.002244   0.004489  -0.0006907405   0.175736   1.862049

   10   20  -0.003090   0.003090  -0.006179     0.02627496   0.175194   0.244608

   10   21  -0.010583   0.010583  -0.021165     0.05677073   0.172204   0.302159

   10   22   0.001833  -0.001833   0.003666    -0.02950845   0.175438   0.219107

   10   23  -0.000425   0.000425  -0.000849    0.005449888   0.175736   0.237417

   10   24   0.002359  -0.002359   0.004718   -0.003789673   0.175705   0.687481

   10   25  -0.001947   0.001947  -0.003893     -0.1818993   0.178056   0.169180

   11   12   0.034568  -0.034568   0.069136   0.0008649014   2.053208   0.151058

   11   13  -0.071011   0.071011  -0.142022    -0.00432773   2.061372   0.162116

   11   14   0.025544  -0.025544   0.051088    0.003959772   2.053138   0.983636

   11   15  -0.024202   0.024202  -0.048403     -0.0038949   2.052437   0.707942

   11   16   0.068578  -0.068578   0.137157    0.009866986   2.061302   0.277614

   11   17   0.029895  -0.029895   0.059790    0.007513136   2.053144   0.593166

   11   18   0.004674  -0.004674   0.009347   0.0009697016   2.050738   0.167992

   11   19  -0.016614   0.016614  -0.033227    -0.03524621   2.056373   1.856355

   11   20  -0.001115   0.001115  -0.002229  -0.0003058155   2.050694   0.244051

   11   21  -0.033656   0.033656  -0.067312    -0.01153951   2.053274   0.296033

   11   22   0.016887  -0.016887   0.033773     0.00560455   2.051314   0.218175

   11   23   0.001765  -0.001765   0.003529   0.0006782047   2.050699   0.237399

   11   24  -0.002536   0.002536  -0.005072   -0.001353324   2.050711   0.687418

   11   25   0.001677  -0.001677   0.003354    0.000655709   2.050698   0.171482

   12   13  -0.001358   0.001358  -0.002716    0.004633786   0.153197   0.173173

   12   14   0.024369  -0.024369   0.048739   -0.003436475   0.150730   0.988925

   12   15  -0.023117   0.023117  -0.046235    0.006921279   0.149756   0.713505

   12   16  -0.009390   0.009390  -0.018781     0.01404243   0.151003   0.290794

   12   17  -0.019340   0.019340  -0.038679     0.01376159   0.150215   0.598977

   12   18  -0.002379   0.002379  -0.004757     0.04713164   0.152149   0.169463

   12   19  -0.009284   0.009284  -0.018568    0.002046808   0.153372   1.862238

   12   20   0.003894  -0.003894   0.007788    -0.01900502   0.152908   0.244719

   12   21   0.002934  -0.002934   0.005868     -0.0111883   0.153337   0.298853

   12   22  -0.004968   0.004968  -0.009936     0.04086278   0.152094   0.220277

   12   23   0.000746  -0.000746   0.001491   -0.005771665   0.153547   0.237432

   12   24  -0.005544   0.005544  -0.011088    0.007055621   0.153344   0.687667

   12   25  -0.002006   0.002006  -0.004011     0.07021382   0.152717   0.172345

   13   14  -0.044047   0.044047  -0.088094      0.0026488   0.163364   0.995514

   13   15   0.031691  -0.031691   0.063381   -0.005780729   0.165416   0.717068

   13   16   0.005779  -0.005779   0.011557   -0.006915929   0.171651   0.289369

   13   17   0.026169  -0.026169   0.052337    -0.01508947   0.166414   0.602000

   13   18   0.004241  -0.004241   0.008482     0.06616699   0.179227   0.161607

   13   19  -0.012022   0.012022  -0.024045     0.00219536   0.172454   1.862379

   13   20  -0.004957   0.004957  -0.009913     0.02546138   0.171443   0.245407

   13   21   0.001378  -0.001378   0.002757   -0.005327515   0.172736   0.298676

   13   22  -0.004697   0.004697  -0.009395     0.04657199   0.170952   0.220642

   13   23  -0.004865   0.004865  -0.009730     0.04190096   0.171363   0.238839

   13   24   0.008990  -0.008990   0.017979    -0.01066126   0.172169   0.688064

   13   25  -0.003816   0.003816  -0.007632     -0.1541805   0.179802   0.164483

   14   15  -0.337880   0.337880  -0.675760    -0.01238992   1.537631   0.158138

   14   16  -0.148427   0.148427  -0.296853    -0.01471623   1.095272   0.179033

   14   17  -0.269531   0.269531  -0.539063    -0.04727689   1.364177   0.217523

   14   18  -0.033810   0.033810  -0.067620   -0.009168292   0.991633   0.162486

   14   19   0.061018  -0.061018   0.122036    -0.01734949   0.969397   1.878721

   14   20   0.071286  -0.071286   0.142572     0.02958362   1.012532   0.217603

   14   21   0.046389  -0.046389   0.092779     0.02845044   0.998383   0.286315

   14   22  -0.006515   0.006515  -0.013029   -0.003755824   0.986303   0.218576

   14   23   0.022196  -0.022196   0.044393     0.01563677   0.988705   0.234783

   14   24  -0.002263   0.002263  -0.004526     -0.0042553   0.986150   0.687368

   14   25   0.024409  -0.024409   0.048818     0.01692713   0.988997   0.168573

   15   16   0.118730  -0.118730   0.237460    0.007527706   0.816438   0.181473

   15   17   0.227767  -0.227767   0.455533     0.03734403   1.111743   0.193563

   15   18   0.030149  -0.030149   0.060298    0.009467477   0.716319   0.161407

   15   19  -0.034829   0.034829  -0.069658    0.006240158   0.705492   1.866232

   15   20  -0.055875   0.055875  -0.111749     -0.0302159   0.735117   0.218623

   15   21  -0.034928   0.034928  -0.069856    -0.03106303   0.721234   0.287069

   15   22   0.008543  -0.008543   0.017087    0.006806392   0.710281   0.218203

   15   23  -0.023372   0.023372  -0.046745    -0.02332797   0.714269   0.232823

   15   24   0.014402  -0.014402   0.028803      0.1192179   0.729439   0.667685

   15   25  -0.018792   0.018792  -0.037583    -0.01792491   0.712299   0.168876

   16   17   0.109490  -0.109490   0.218980    -0.02256717   0.174386   0.709456

   16   18   0.008262  -0.008262   0.016524    0.008881697   0.290454   0.165808

   16   19   0.029788  -0.029788   0.059575   -0.003165155   0.285971   1.864289

   16   20  -0.015090   0.015090  -0.030180    -0.04822883   0.303536   0.228741

   16   21  -0.032495   0.032495  -0.064991     0.08619134   0.228222   0.358617

   16   22   0.017220  -0.017220   0.034440     0.06193852   0.302409   0.204612

   16   23  -0.010606   0.010606  -0.021212    -0.07053876   0.295914   0.229715

   16   24   0.015095  -0.015095   0.030191     -0.0176076   0.285953   0.689707

   16   25  -0.001549   0.001549  -0.003099   -0.006336337   0.288306   0.171406

   17   18   0.024112  -0.024112   0.048225    0.001304387   0.600990   0.162667

   17   19   0.103606  -0.103606   0.207212   -0.004464793   0.562576   1.895079

   17   20  -0.018092   0.018092  -0.036184   -0.006490542   0.599304   0.240368

   17   21  -0.051205   0.051205  -0.102410    -0.03343576   0.627507   0.266727

   17   22   0.034508  -0.034508   0.069017     0.02076544   0.607861   0.206554

   17   23  -0.027111   0.027111  -0.054222    -0.02390354   0.603646   0.229378

   17   24   0.054339  -0.054339   0.108678     -0.0830591   0.523551   0.759505

   17   25  -0.006129   0.006129  -0.012258   -0.005306343   0.595972   0.171134

   18   19   0.004855  -0.004855   0.009710  -9.660588E-05   0.167982   1.862092

   18   20  -0.005768   0.005768  -0.011536    0.007628035   0.166326   0.245766

   18   21  -0.007734   0.007734  -0.015468      0.0122112   0.166231   0.300423

   18   22   0.001364  -0.001364   0.002728   -0.005819427   0.167892   0.218943

   18   23   0.001136  -0.001136   0.002272   -0.005005658   0.167964   0.237480

   18   24  -0.019632   0.019632  -0.039264     0.01259276   0.165087   0.690388

   18   25  -0.004327   0.004327  -0.008654     0.08436567   0.160939   0.178587

   19   20   0.168408  -0.168408   0.336816    0.006855481   1.929351   0.176739

   19   21  -0.188669   0.188669  -0.377339    -0.01936193   1.948345   0.212308

   19   22   0.152714  -0.152714   0.305428     0.01603394   1.916970   0.163864

   19   23   0.026763  -0.026763   0.053526    0.004480357   1.863798   0.235644

   19   24   0.019185  -0.019185   0.038369    0.004942289   1.863289   0.686185

   19   25   0.039715  -0.039715   0.079429    0.007259761   1.865760   0.167764

   20   21  -0.028953   0.028953  -0.057905     0.02415666   0.207325   0.335344

   20   22   0.026681  -0.026681   0.053363     0.02742256   0.286262   0.176589

   20   23   0.009309  -0.009309   0.018618     0.04952223   0.259642   0.221817

   20   24   0.011775  -0.011775   0.023549   -0.006123822   0.242806   0.688684

   20   25   0.009926  -0.009926   0.019851     0.02868447   0.249129   0.166413

   21   22  -0.036424   0.036424  -0.072849   -0.001294952   0.341771   0.175642

   21   23  -0.027922   0.027922  -0.055844    -0.02069737   0.331692   0.204330

   21   24   0.059717  -0.059717   0.119434    -0.01636868   0.264860   0.721193

   21   25   0.000410  -0.000410   0.000821    0.000426784   0.298621   0.171483

   22   23  -0.003116   0.003116  -0.006232     0.01231303   0.216903   0.239300

   22   24   0.025440  -0.025440   0.050881   -0.006322252   0.213337   0.692898

   22   25   0.010438  -0.010438   0.020877     0.02089785   0.226692   0.163593

   23   24  -0.085276   0.085276  -0.170552    0.004632449   0.180074   0.744769

   23   25  -0.006177   0.006177  -0.012355   -0.003319158   0.239645   0.169249

   24   25   0.033615  -0.033615   0.067230   0.0004507402   0.696053   0.162872

