state       dE(eV)    f     Om    POS     PR     CT    COH   CTnt  PRNTO   Z_HE  RMSeh
---------------------------------------------------------------------------------------
S1          1.000      -  1.000  1.502  1.015  0.985  1.015 -0.985  1.015  1.053  7.294
S2          2.000      -  1.000  1.497  1.015  0.985  1.015 -0.985  1.036  1.105  8.021
S3          3.000      -  1.000  1.510  1.052  0.950  1.052 -0.950  1.036  1.114  8.961
S4          4.000      -  1.000  1.043  1.091  0.017  1.019 -0.013  1.814  2.662  4.693
S5          5.000      -  1.000  1.892  1.240  0.055  1.067 -0.051  1.328  1.956  5.909
S6          6.000      -  1.000  1.026  1.054  0.018  1.019 -0.016  1.265  1.763  5.031
S7          7.000      -  1.000  1.014  1.028  0.021  1.021 -0.017  2.000  2.575  4.801
S8          8.000      -  1.000  1.007  1.014  0.011  1.011 -0.008  2.350  3.111  4.702
S9          9.000      -  1.000  1.025  1.051  0.027  1.028 -0.023  1.810  2.585  4.906
S10        10.000      -  1.000  1.014  1.029  0.019  1.020 -0.017  1.808  2.549  5.181
S11        11.000      -  1.000  1.494  1.047  0.955  1.047 -0.954  1.205  1.471  7.429
S12        12.000      -  1.000  1.005  1.011  0.009  1.009 -0.006  1.609  2.267  5.088
S13        13.000      -  1.000  1.010  1.019  0.018  1.019 -0.015  1.625  2.310  4.849
S14        14.000      -  1.000  1.217  1.486  0.423  1.333 -0.422  2.504  3.292  6.314
S15        15.000      -  1.000  1.149  1.357  0.286  1.263 -0.284  2.738  3.442  5.900
S16        16.000      -  1.000  1.040  1.087  0.077  1.077 -0.073  2.536  3.467  4.972
S17        17.000      -  1.000  1.128  1.304  0.229  1.226 -0.227  2.048  2.897  5.460
S18        18.000      -  1.000  1.008  1.016  0.015  1.015 -0.013  1.767  2.484  4.694
S19        19.000      -  1.000  1.499  1.150  0.860  1.160 -0.860  1.249  1.653  7.319
S20        20.000      -  1.000  1.037  1.078  0.053  1.055 -0.051  2.918  3.887  4.857
S21        21.000      -  1.000  1.650  1.828  0.081  1.155 -0.078  2.294  3.564  5.358
S22        22.000      -  1.000  1.300  1.724  0.041  1.073 -0.038  3.866  4.937  4.990
S23        23.000      -  1.000  1.026  1.055  0.051  1.052 -0.048  1.875  2.738  4.784
S24        24.000      -  1.000  1.149  1.358  0.274  1.261 -0.273  2.116  3.046  5.981
S25        25.000      -  1.000  1.011  1.022  0.017  1.017 -0.015  2.556  3.281  4.646
