state       dE(eV)    f     Om    POS     PR     CT    COH   CTnt  RMSeh
-------------------------------------------------------------------------
S_1         1.506  0.006  1.000  1.502  1.015  0.985  1.015 -0.985  7.293
S_2         1.824  0.002  1.000  1.497  1.015  0.985  1.015 -0.985  8.021
S_3         2.096  0.038  1.000  1.509  1.051  0.950  1.052 -0.950  8.961
S_4         2.163  0.017  1.000  1.043  1.090  0.017  1.019 -0.013  4.690
S_5         2.236  1.106  1.000  1.892  1.240  0.055  1.066 -0.051  5.906
S_6         2.390  0.050  1.000  1.026  1.054  0.018  1.019 -0.016  5.029
S_7         2.468  0.041  1.000  1.014  1.028  0.021  1.021 -0.017  4.799
S_8         2.474  0.020  1.000  1.007  1.013  0.010  1.010 -0.008  4.699
S_9         2.530  0.067  1.000  1.024  1.050  0.027  1.028 -0.023  4.904
S_10        2.551  0.034  0.999  1.014  1.028  0.019  1.019 -0.017  5.178
S_11        2.598  0.008  1.000  1.494  1.046  0.955  1.047 -0.955  7.428
S_12        2.622  0.010  1.000  1.005  1.010  0.009  1.009 -0.006  5.085
S_13        2.656  0.031  1.000  1.009  1.019  0.018  1.018 -0.015  4.847
S_14        2.681  0.018  1.000  1.217  1.486  0.423  1.332 -0.422  6.313
S_15        2.706  0.002  1.000  1.148  1.357  0.286  1.263 -0.284  5.897
S_16        2.726  0.016  1.000  1.040  1.086  0.076  1.077 -0.073  4.969
S_17        2.781  0.007  1.000  1.128  1.303  0.229  1.225 -0.227  5.458
S_18        2.793  0.000  1.000  1.008  1.016  0.015  1.015 -0.013  4.691
S_19        2.810  0.006  1.000  1.499  1.149  0.860  1.160 -0.860  7.318
S_20        2.846  0.013  1.000  1.037  1.077  0.053  1.055 -0.051  4.855
S_21        2.899  0.003  1.000  1.650  1.828  0.081  1.154 -0.078  5.355
S_22        2.902  0.003  1.000  1.300  1.724  0.041  1.072 -0.038  4.987
S_23        2.946  0.002  1.000  1.026  1.055  0.051  1.052 -0.048  4.782
S_24        2.962  0.009  1.000  1.149  1.357  0.274  1.260 -0.273  5.979
S_25        2.965  0.002  1.000  1.011  1.022  0.017  1.017 -0.015  4.643
