1.877338035841105788e-03
1.354996079559361508e-03
7.018662766775520629e-04
5.234868122544742743e-04
3.112205898968342524e-04
3.073091114266560640e-04
6.798827290639584357e-04
9.816550501336204597e-04
1.147501550337081669e-03
1.043939121087771992e-03
7.277632078632700853e-04
6.968182558714458661e-04
6.695419618590580648e-04
4.132810112813207017e-04
5.296965007317289403e-04
8.442838688167743095e-04
7.907005181689999787e-04
6.834220195284128937e-04
6.863191302034232517e-04
5.548762973852963383e-04
3.973238267524196619e-04
3.533628615992055245e-04
4.509322730056799372e-04
6.664226888097514890e-04
7.522599181827800468e-04
6.603631010526032083e-04
6.058525320657676778e-04
5.544266715891533288e-04
4.109077669400285353e-04
3.567915888160112683e-04
4.971375597085283659e-04
5.756848178316288341e-04
4.445508623146177596e-04
3.698635850489653885e-04
4.315188203603329258e-04
4.310903567871404891e-04
4.484866852624114870e-04
5.284654799146836120e-04
5.043969503966247350e-04
4.460091835792887927e-04
3.944099974770003277e-04
3.203063234460922491e-04
3.907199774826091072e-04
4.700386697088119407e-04
3.694646383879536772e-04
3.587834826547406613e-04
4.211178999958361982e-04
3.306512758681461463e-04
3.024202778027990156e-04
3.845325103389912107e-04
4.027367868322376037e-04
4.348370554933069822e-04
4.317548760582250547e-04
3.505172381455059789e-04
3.621980138211261459e-04
3.562479301324999580e-04
2.555858618586201295e-04
2.854543696954275184e-04
3.888562185562925082e-04
3.972197809001577762e-04
3.952140238105285417e-04
3.994286685083624482e-04
3.502204833329365446e-04
2.790455087331658460e-04
2.433907246891219023e-04
2.992176077124816878e-04
4.072362927833709546e-04
4.586669806692289715e-04
4.148185596095432326e-04
3.162074486889951820e-04
2.645902189731003801e-04
2.554297680262895896e-04
2.223710850793819780e-04
2.859607327282076778e-04
4.160521090149916210e-04
3.931738538699117592e-04
3.232687634840395894e-04
3.165374746722359606e-04
2.593564264970761829e-04
2.279985978253090402e-04
2.560235327355241228e-04
2.783909988997009064e-04
3.820301339093993566e-04
4.266677678475466534e-04
3.104187835162079364e-04
2.908698074272446084e-04
2.897226914041798555e-04
1.517828508102583103e-04
1.486701839471395007e-04
2.822648228778188426e-04
3.684495103235661969e-04
4.566590803137310275e-04
4.439792673687464452e-04
3.191571409484759069e-04
2.544073413153410674e-04
1.607938966417671854e-04
9.983468697280659598e-05
2.389644914508337343e-04
3.494500390669782867e-04
3.510188639312263959e-04
3.778996597033974412e-04
3.444491511909226642e-04
2.724274397643673901e-04
2.296384342697794514e-04
1.700098574751379233e-04
2.025569438252435223e-04
2.806511512245668115e-04
2.493825888287144439e-04
2.526417705887121527e-04
3.050991910487823450e-04
2.830510232439008202e-04
2.646401247071025688e-04
2.378791306788019305e-04
2.167775116367643968e-04
2.891987219839343938e-04
2.928788796180372051e-04
2.320805555780118600e-04
2.606109101042712291e-04
2.241447751723632704e-04
1.304290574736510495e-04
1.590260024013334910e-04
2.256482485986831211e-04
2.943191065405485990e-04
3.460910472334634280e-04
3.118857729901158447e-04
3.259414447868323132e-04
3.117602853434884311e-04
1.336659724059620011e-04
7.980511179079915096e-05
1.701385952423392406e-04
1.499464748754639339e-04
1.521860860994233634e-04
2.472605696673933501e-04
3.061516358683780831e-04
3.233771851439432173e-04
2.608020486007402682e-04
2.195006638425207987e-04
2.673611552712477674e-04
1.684590911297203142e-04
6.273916067662694824e-05
1.935408679025184557e-04
2.476432777568163268e-04
1.628897794370124015e-04
1.893217529677762362e-04
2.207003096526373507e-04
1.958499783181218005e-04
1.638930251234507079e-04
1.271160563457220409e-04
2.277124881647380752e-04
3.097712785730590695e-04
1.902156832649895166e-04
1.986118812976653378e-04
3.015244188834846563e-04
1.727323114104475715e-04
5.530103624536491586e-05
9.448432140320296008e-05
1.162592503500962303e-04
1.589603412387003648e-04
1.874442526409295692e-04
2.016604328316748157e-04
3.013427762890119837e-04
2.705018653604772632e-04
1.372731613357797359e-04
1.933126502101052485e-04
2.317343805422819179e-04
1.231734150659584317e-04
1.103006783457509470e-04
1.418300963618618923e-04
1.198784839223338792e-04
1.174922260822918639e-04
1.245890098414321220e-04
1.899843533564702801e-04
2.669863428979276439e-04
2.163435781138763764e-04
1.725973088086347519e-04
1.919132516182138037e-04
1.436598181359396932e-04
9.956440875652921858e-05
1.120804419425221535e-04
1.264703374668953845e-04
1.499758123778129418e-04
1.444893440658936469e-04
1.486457936538313862e-04
2.032950564845586051e-04
1.820851413472166890e-04
1.282111607327129834e-04
1.349700810023414619e-04
1.201023105026138241e-04
1.379812704960863782e-04
1.960304212143948574e-04
1.793384399358634242e-04
1.852071319164641115e-04
1.871408357094878593e-04
8.080346617106943044e-05
6.739900164165723824e-05
1.432306441512195020e-04
1.416138148026518777e-04
1.761522292712844697e-04
2.001832313186383070e-04
1.266464464608353766e-04
1.410072579750038674e-04
1.815721713814410099e-04
1.440133369134477884e-04
1.757696014331658471e-04
1.784767595034683131e-04
8.091429525967226667e-05
8.950834543726948463e-05
1.516241284021193378e-04
1.454133381419700976e-04
1.487026016071289823e-04
1.333212689510831855e-04
9.850601261318865968e-05
1.143441218429783895e-04
1.202409733430346580e-04
1.392573388595563257e-04
2.174799008334007901e-04
2.183059204895606230e-04
1.173624503808387760e-04
6.303439309976485000e-05
7.389529462192091823e-05
6.106576434173172465e-05
6.102583862210205217e-05
1.503244721032998595e-04
2.086386110716792908e-04
1.615242594228373453e-04
1.588645651220586482e-04
1.852773614452821736e-04
1.375665007455566908e-04
1.015937832152095943e-04
7.163811094473948701e-05
5.304524857978730619e-05
1.369306048216545433e-04
1.596203885704908535e-04
1.159934213040857604e-04
1.975397034961180428e-04
1.914395220206331627e-04
5.705386751020413862e-05
8.723085238147681964e-05
1.343496615323626050e-04
9.732918142114055078e-05
1.459624499337781108e-04
1.356658000088956464e-04
8.892152996811919204e-05
1.531326775219184753e-04
1.091094929449804637e-04
6.152286376121738872e-05
1.884888096619798787e-04
1.651787047380015811e-04
5.263640739364959271e-05
1.111676734437328824e-04
1.272124764893884199e-04
1.128038491704657666e-04
1.796831163994034154e-04
1.547217813053034928e-04
1.289248066711073948e-04
1.415111309264167970e-04
5.287349455811949381e-05
7.128116361589712749e-05
1.948611081674711044e-04
1.727510248211220592e-04
1.506574614694684096e-04
1.852871183767397425e-04
1.492975914707893152e-04
1.289474436616091569e-04
1.034520650794260450e-04
6.856768027022760938e-05
1.211560817927266343e-04
1.191606792537264171e-04
9.173782404844457229e-05
1.859913984034585951e-04
2.125347105727834289e-04
1.553889555638768424e-04
1.516882222737600820e-04
1.098599801755100451e-04
8.410422639863294754e-05
1.080169553075309202e-04
7.804007824479895067e-05
1.263669302286287615e-04
1.892661707388753765e-04
8.702245360252020435e-05
5.820107941194725383e-05
1.296306444652191639e-04
1.032028543510613787e-04
1.225658253880361470e-04
1.769561943669155520e-04
1.414961188584623402e-04
1.419133851159082337e-04
1.235080871765212752e-04
6.900628193605929316e-05
1.239358571843371675e-04
1.043770388210188080e-04
-1.318992473050439483e-05
3.084272277118669880e-05
1.077877398315637587e-04
1.041326786860957384e-04
1.624696091500683784e-04
2.136704103881240427e-04
1.961179318244737760e-04
1.448276521723365217e-04
4.034002378328156095e-05
3.338597181180570420e-06
4.484923033411716679e-05
2.603361600002246807e-05
4.385006701858065557e-05
1.333848755655370200e-04
1.555810900672724201e-04
1.384858972929457689e-04
1.298414383039034586e-04
1.215796478524164167e-04
1.016626200137026818e-04
1.916852922489164921e-05
3.961088719060825112e-08
1.124682276219493327e-04
1.435973091007272738e-04
1.083216704667093819e-04
1.341099259208530239e-04
1.015569270547725085e-04
3.306366454591623251e-05
2.790559304217045698e-05
3.603703699496692541e-05
9.059961260236785844e-05
1.415402517126743891e-04
1.135370635369206866e-04
1.487266451665345750e-04
1.830010494186540564e-04
8.379236674493920002e-05
4.167156153325958279e-05
7.206917130961717132e-05
3.666716710280420918e-05
3.743341983700166319e-05
8.271196018089565030e-05
1.002987354782770840e-04
1.424426694499437247e-04
1.551372486145383416e-04
1.139600808997635997e-04
1.012242073257652172e-04
7.871210097721521100e-05
4.707925539474340672e-05
6.523047363000317493e-05
9.261596607004451130e-05
1.133763196841023848e-04
1.148731090443805633e-04
8.500869508916147758e-05
7.926008066447689864e-05
7.367293809461966658e-05
5.402482084408998843e-05
6.937355378373581574e-05
7.908155435079130158e-05
1.051367439823901439e-04
1.600412686683681059e-04
1.312823702059981890e-04
9.470506656530034556e-05
1.062896092738001925e-04
3.782629620895467607e-05
2.387831209997349379e-06
6.851737924885196258e-05
6.693757527277791356e-05
7.468560548848378106e-05
1.342202555906390116e-04
1.100692710714047087e-04
1.086560011815772948e-04
1.342671066799981216e-04
7.301285912831509135e-05
6.959857289818553608e-05
8.904025254834389250e-05
2.054231827292328288e-05
4.130245715718496323e-05
1.019468596621266027e-04
7.604974115741552703e-05
1.049627708129523279e-04
1.276107274142921917e-04
6.884528020254215407e-05
7.240050704335081243e-05
7.933840316959042346e-05
5.199932810921722640e-05
8.877432863833104048e-05
1.002406995620116743e-04
7.770158558510119546e-05
9.547483143654998054e-05
8.428184440296533034e-05
6.954893875979679171e-05
6.167855520300321573e-05
1.716808333094016961e-05
4.268893965557825674e-05
9.062295637770557337e-05
7.701008359981859226e-05
1.290976645229105491e-04
1.622482172716555103e-04
8.203987061930928960e-05
4.775425671606218283e-05
2.837835440568246942e-05
-3.340154103735323982e-06
4.606514332402690228e-05
5.909173136450538924e-05
7.235660715698902907e-05
1.647026262632350602e-04
1.153871147732910078e-04
2.504263974725838489e-05
9.063233458661112529e-05
8.021226213387826730e-05
