$molecule
0 1
  C   20.8839280   22.3438910   32.2716410
  C   22.0076980   21.9857330   33.0779800
  C   23.0532300   21.7047690   32.1695560
  C   22.5779670   21.8593410   30.8444390
  C   21.2229820   22.2779240   30.9459970
  C   22.3661900   22.7064480   34.2075000
  C   23.6956460   23.0602570   34.4139290
  C   24.7080350   22.7760930   33.5229260
  C   24.3445910   22.1280780   32.3777240
  C   25.1663820   22.6575360   31.3410510
  C   24.6964740   22.7251470   29.9962020
  C   23.3786750   22.3736720   29.8097710
  C   22.8915180   23.2555580   28.9077450
  C   21.5330370   23.6556930   29.0059030
  C   20.7453780   23.1931000   30.0464570
  C   19.9723890   24.1989520   30.4506740
  C   19.6138480   24.2904740   31.7201400
  C   20.0571350   23.3620490   32.6686170
  C   20.3506850   24.1077000   33.8720820
  C   21.5196550   23.7691920   34.6041300
  C   19.6291220   25.6095390   32.2723050
  C   20.1183510   25.4491620   33.6021580
  C   23.6608390   24.3956790   34.9771580
  C   22.2997230   24.8089290   35.0452350
  C   20.2187840   25.3069380   29.6091270
  C   21.2259640   24.9680480   28.7661630
  C   23.8576740   24.1821060   28.5435370
  C   24.9289150   23.8656010   29.2663420
  C   26.0597920   23.5665820   31.9105470
  C   25.7207220   23.6858980   33.2156450
  C   25.7055840   24.9948770   33.8537450
  C   24.6955450   25.3583560   34.7403830
  C   21.9738030   26.1578940   34.8227770
  C   20.8326260   26.4910620   34.1344990
  C   19.8765720   26.7670860   31.4795890
  C   20.1432190   26.5735240   30.1219310
  C   23.5324020   25.4751820   28.2154670
  C   22.2211760   25.8736990   28.3607100
  C   26.3999000   24.6856420   31.1264480
  C   25.8254530   24.8166500   29.8307820
  C   26.3277930   26.0261540   33.1344570
  C   26.6933380   25.8627320   31.7943330
  C   22.9958100   27.1245040   34.9555550
  C   24.3272130   26.6997830   34.9133340
  C   20.7621730   27.7488140   33.4698450
  C   20.2690200   27.8655620   32.2194250
  C   25.5830820   26.0636370   29.3121070
  C   24.5460320   26.4359250   28.4745080
  C   21.9560090   27.2379040   28.6349300
  C   20.9009400   27.5870290   29.5210550
  C   21.2769600   28.7360880   30.1870860
  C   20.9697360   28.8941650   31.5508040
  C   21.7944720   28.6193050   33.5835000
  C   22.8685360   28.3698580   34.3819540
  C   24.9935110   27.7747150   34.2435260
  C   26.0064750   27.3943820   33.3089180
  C   26.5452880   27.1044160   31.1832490
  C   25.9803850   27.2274890   29.8995820
  C   22.9268440   28.1921920   28.7702540
  C   24.2373090   27.7376940   28.7281780
  C   26.1593380   28.0529820   32.1152760
  C   25.1835190   28.2826690   29.5690920
  C   22.5036790   29.1110880   29.6892550
  C   21.8654860   29.4275550   32.4559400
  C   24.1225400   28.8240050   33.9448970
  C   23.1853940   29.8018420   31.9671170
  C   24.2919460   29.5148390   32.7652400
  C   25.3200990   29.1158750   31.8407400
  C   23.4651570   29.6149670   30.6002810
  C   24.8144740   29.2191010   30.5471440
$end

