
Resp charges for organic molecule                                               

iqopt   irstrnt  ihfree     qwt
  2      1      1        0.001000

 rel.rms   dipole mom       Qxx      Qyy      Qzz
    1.00000   0.00000   0.00000   0.00000   0.00000

          Point charges before & after optimization
    NO   At.No.    q0           q(opt)   IVARY  d(rstr)/dq 
     1     6  -0.000000      -0.000000  -99    0.010000
     2     6  -0.000000      -0.000000  -99    0.010000
     3     6  -0.000000      -0.000000  -99    0.010000
     4     6  -0.000000      -0.000000  -99    0.010000
     5     6  -0.000000      -0.000000  -99    0.010000
     6     6  -0.000000      -0.000000  -99    0.010000
     7     6  -0.000000      -0.000000  -99    0.010000
     8     6  -0.000000      -0.000000  -99    0.010000
     9     6  -0.000000      -0.000000  -99    0.010000
    10     6  -0.000000      -0.000000  -99    0.010000
    11     6  -0.000000      -0.000000  -99    0.010000
    12     6  -0.000000      -0.000000  -99    0.010000
    13     6  -0.000000      -0.000000  -99    0.010000
    14     6  -0.000000      -0.000000  -99    0.010000
    15     6  -0.000000      -0.000000  -99    0.010000
    16     6  -0.000000      -0.000000  -99    0.010000
    17     6  -0.000000      -0.000000  -99    0.010000
    18     6  -0.000000      -0.000000  -99    0.010000
    19     6  -0.000000      -0.000000  -99    0.010000
    20     6  -0.000000      -0.000000  -99    0.010000
    21     6  -0.000000      -0.000000  -99    0.010000
    22     6  -0.000000      -0.000000  -99    0.010000
    23     6  -0.000000      -0.000000  -99    0.010000
    24     6  -0.000000      -0.000000  -99    0.010000
    25     6  -0.000000      -0.000000  -99    0.010000
    26     6  -0.000000      -0.000000  -99    0.010000
    27     6  -0.000000      -0.000000  -99    0.010000
    28     6  -0.000000      -0.000000  -99    0.010000
    29     6  -0.000000      -0.000000  -99    0.010000
    30     6  -0.000000      -0.000000  -99    0.010000
    31     6  -0.000000      -0.000000  -99    0.010000
    32     6  -0.000000      -0.000000  -99    0.010000
    33     6  -0.000000      -0.000000  -99    0.010000
    34     6  -0.000000      -0.000000  -99    0.010000
    35     6  -0.000000      -0.000000  -99    0.010000
    36     6  -0.000000      -0.000000  -99    0.010000
    37     6  -0.000000      -0.000000  -99    0.010000
    38     6  -0.000000      -0.000000  -99    0.010000
    39     6  -0.000000      -0.000000  -99    0.010000
    40     6  -0.000000      -0.000000  -99    0.010000
    41     6  -0.000000      -0.000000  -99    0.010000
    42     6  -0.000000      -0.000000  -99    0.010000
    43     6  -0.000000      -0.000000  -99    0.010000
    44     6  -0.000000      -0.000000  -99    0.010000
    45     6  -0.000000      -0.000000  -99    0.010000
    46     6  -0.000000      -0.000000  -99    0.010000
    47     6  -0.000000      -0.000000  -99    0.010000
    48     6  -0.000000      -0.000000  -99    0.010000
    49     6  -0.000000      -0.000000  -99    0.010000
    50     6  -0.000000      -0.000000  -99    0.010000
    51     6  -0.000000      -0.000000  -99    0.010000
    52     6  -0.000000      -0.000000  -99    0.010000
    53     6  -0.000000      -0.000000  -99    0.010000
    54     6  -0.000000      -0.000000  -99    0.010000
    55     6  -0.000000      -0.000000  -99    0.010000
    56     6  -0.000000      -0.000000  -99    0.010000
    57     6  -0.000000      -0.000000  -99    0.010000
    58     6  -0.000000      -0.000000  -99    0.010000
    59     6  -0.000000      -0.000000  -99    0.010000
    60     6  -0.000000      -0.000000  -99    0.010000
    61     6  -0.000000      -0.000000  -99    0.010000
    62     6  -0.000000      -0.000000  -99    0.010000
    63     6  -0.000000      -0.000000  -99    0.010000
    64     6  -0.000000      -0.000000  -99    0.010000
    65     6  -0.000000      -0.000000  -99    0.010000
    66     6  -0.000000      -0.000000  -99    0.010000
    67     6  -0.000000      -0.000000  -99    0.010000
    68     6  -0.000000      -0.000000  -99    0.010000
    69     6  -0.000000      -0.000000  -99    0.010000
    70     6  -0.000000      -0.000000  -99    0.010000

        Statistics of the fitting:
  The initial sum of squares (ssvpot)                      0.944
  The residual sum of squares (chipot)                     0.944
  The std err of estimate (sqrt(chipot/N))               0.00897
  ESP relative RMS (SQRT(chipot/ssvpot))                 1.00000

 Dipole Moment (Debye)=   0.00000
