$molecule 
0 1 
C 40.035423278808594 34.077476501464844 50.6230583190918
C 39.337501525878906 39.24565887451172 54.412235260009766
C 37.78224182128906 37.75056076049805 53.75490951538086
C 37.78740310668945 35.54536056518555 52.88954544067383
C 41.75084686279297 39.47233200073242 54.52494430541992
C 40.55373764038086 39.84507751464844 53.97770309448242
C 40.50603103637695 37.87956237792969 55.81369400024414
C 38.69609069824219 35.923255920410156 55.06357955932617
C 41.02073287963867 33.3150634765625 52.45847702026367
C 41.762672424316406 38.46281433105469 55.4941520690918
C 39.067054748535156 33.98578643798828 51.58659744262695
C 44.052730560302734 37.99654006958008 52.301151275634766
C 42.74968338012695 39.52995300292969 53.55015182495117
C 43.968379974365234 35.80602264404297 51.42007827758789
C 43.077571868896484 34.282615661621094 53.08613967895508
C 43.3669319152832 34.60298538208008 51.71572494506836
C 43.724578857421875 37.498966217041016 54.429080963134766
C 40.75470733642578 36.498355865478516 55.99897384643555
C 39.876216888427734 35.48761749267578 55.59810256958008
C 41.60490798950195 34.06745529174805 54.76492691040039
C 38.98292922973633 38.713382720947266 49.75773239135742
C 40.154541015625 39.56853103637695 50.36030960083008
C 38.17045211791992 38.47359085083008 51.0485954284668
C 38.67604446411133 39.268131256103516 52.07322311401367
C 42.419578552246094 35.275978088378906 49.84572219848633
C 41.49324417114258 39.14722442626953 50.19460678100586
C 38.176612854003906 35.03931427001953 51.67079544067383
C 43.45918655395508 38.498775482177734 51.14821243286133
C 42.136783599853516 39.95972442626953 52.38497543334961
C 43.3621940612793 36.22722625732422 50.28903579711914
C 37.663055419921875 37.215728759765625 51.35324478149414
C 44.06630325317383 36.332557678222656 53.76621627807617
C 43.56576156616211 35.143959045410156 54.09919357299805
C 40.2840576171875 34.3243522644043 55.01182174682617
C 42.0673828125 36.31003189086914 55.67795944213867
C 39.46428298950195 37.41359329223633 49.03645706176758
C 40.96926498413086 37.10572052001953 49.10977554321289
C 39.02239227294922 36.045467376708984 49.66830062866211
C 41.188148498535156 35.70775604248047 49.28049087524414
C 41.95845031738281 33.59429168701172 53.46261215209961
C 39.78782272338867 39.95668029785156 51.67953872680664
C 38.16611862182617 36.07628631591797 50.7779426574707
C 39.980743408203125 35.1283073425293 49.67337417602539
C 37.477596282958984 36.88923263549805 52.71952438354492
C 42.43134307861328 34.23780059814453 50.772281646728516
C 41.887611389160156 38.02587890625 49.57029342651367
C 42.49321365356445 39.42333221435547 51.20346450805664
C 38.455326080322266 38.92343521118164 53.41828536987305
C 40.765724182128906 40.190425872802734 52.63469314575195
C 42.539161682128906 35.102970123291016 55.1218376159668
C 43.07819747924805 37.62501525878906 50.162960052490234
C 41.22753143310547 33.642478942871094 51.14430618286133
C 39.31019592285156 38.19858932495117 55.26387405395508
C 38.403709411621094 37.25876235961914 54.884281158447266
C 38.32035827636719 35.05776596069336 54.058528900146484
C 39.66483688354492 33.52842330932617 52.76191329956055
C 43.74524688720703 38.54375457763672 53.53744888305664
C 44.258888244628906 36.65840148925781 52.452816009521484
C 39.3271598815918 34.02342987060547 54.02800369262695
C 42.735164642333984 37.463417053222656 55.40768814086914
C 38.0670280456543 39.350379943847656 48.68034744262695
N 38.04104232788086 38.69755172729492 47.567508697509766
C 38.893699645996094 37.50092697143555 47.58279800415039
H 39.76797866821289 37.57107162475586 46.93059158325195
H 38.25526428222656 36.62056350708008 47.473140716552734
C 36.89878845214844 43.54693603515625 48.445377349853516
C 37.06329345703125 42.91847229003906 49.71615982055664
H 36.87632751464844 43.387237548828125 50.678897857666016
C 37.452030181884766 41.558998107910156 49.70392990112305
H 37.35005187988281 41.00393295288086 50.6329460144043
C 37.686092376708984 40.8308219909668 48.57065200805664
C 37.169437408447266 42.84180450439453 47.25648880004883
H 37.23537063598633 43.31881332397461 46.2819709777832
C 37.573524475097656 41.46322250366211 47.305728912353516
H 37.87754440307617 40.828163146972656 46.47757339477539
C 36.44705581665039 44.98897933959961 48.45491409301758
C 36.16180419921875 45.673439025878906 49.708560943603516
C 35.2735481262207 45.41484069824219 50.753719329833984
H 34.572322845458984 44.59514236450195 50.87034225463867
C 35.41279602050781 46.466617584228516 51.70744705200195
H 34.77893829345703 46.654258728027344 52.56782150268555
C 36.50772476196289 47.21390151977539 51.267337799072266
N 36.878456115722656 46.728694915771484 50.070064544677734
H 37.674137115478516 47.1329231262207 49.59507369995117
C 36.98184585571289 48.44858169555664 51.783321380615234
H 36.54607391357422 48.7651481628418 52.729793548583984
C 37.95463943481445 49.27117919921875 51.28208541870117
C 38.355430603027344 50.44987869262695 51.945011138916016
H 38.01856994628906 50.79148864746094 52.91817092895508
C 39.18561935424805 51.052940368652344 51.0890998840332
H 39.803245544433594 51.90899658203125 51.339969635009766
C 39.37937545776367 50.12907028198242 49.93753433227539
N 38.48263168334961 49.13467788696289 50.026004791259766
C 40.178688049316406 50.3927001953125 48.7626838684082
C 39.64580154418945 50.27010726928711 47.48015213012695
C 39.6684455871582 51.11004638671875 46.3260612487793
H 40.2832145690918 51.976497650146484 46.10573959350586
C 38.72100067138672 50.62192916870117 45.4483757019043
H 38.51445007324219 51.08549880981445 44.489376068115234
C 38.16280746459961 49.40251541137695 45.891483306884766
N 38.691280364990234 49.317691802978516 47.1224250793457
H 38.50345230102539 48.4906120300293 47.67267990112305
C 37.38438034057617 48.542015075683594 45.2974739074707
H 37.17817306518555 48.78105163574219 44.2552375793457
C 36.8882942199707 47.28388977050781 45.80862808227539
C 35.94205856323242 46.36751174926758 45.280391693115234
H 35.46015548706055 46.60828399658203 44.33857345581055
C 35.6696891784668 45.372188568115234 46.18452072143555
H 34.871585845947266 44.645511627197266 46.07404708862305
C 36.52386474609375 45.62120819091797 47.21135330200195
N 37.224945068359375 46.71147918701172 46.99198532104492
C 44.369869232177734 51.21619415283203 49.516361236572266
C 43.90370178222656 51.25489807128906 48.21174240112305
H 44.59870147705078 51.55831527709961 47.43296432495117
C 42.53765106201172 50.96190643310547 48.01423263549805
H 42.113033294677734 50.932647705078125 47.0140266418457
C 41.62492752075195 50.589962005615234 49.05727005004883
C 43.56096649169922 50.821311950683594 50.56925582885742
H 44.05266189575195 50.839473724365234 51.53852462768555
C 42.20302200317383 50.496116638183594 50.382503509521484
H 41.69416809082031 50.16132354736328 51.28281021118164
N 45.71440505981445 51.577213287353516 49.82648849487305
H 46.244136810302734 50.8552131652832 50.291439056396484
C 46.36732482910156 52.72185134887695 49.43257522583008
O 45.72726821899414 53.50487518310547 48.71463394165039
C 47.766815185546875 52.9835205078125 49.91049575805664
C 48.633323669433594 53.67185592651367 49.12913131713867
H 48.19963836669922 53.94063949584961 48.169315338134766
C 49.93336486816406 53.922210693359375 49.47035598754883
C 50.28663635253906 53.6131591796875 50.82182693481445
H 51.28923034667969 53.897029876708984 51.13132858276367
C 49.519805908203125 52.85982894897461 51.641292572021484
H 49.819252014160156 52.622100830078125 52.65883255004883
C 48.22178649902344 52.60742950439453 51.239986419677734
H 47.58567810058594 51.941429138183594 51.817378997802734
C 50.909019470214844 54.494930267333984 48.55067825317383
H 50.39117431640625 54.64427185058594 47.60438919067383
C 52.22270202636719 54.807456970214844 48.731693267822266
H 52.595680236816406 54.616661071777344 49.736881256103516
C 53.211830139160156 55.249267578125 47.76457595825195
C 52.74805450439453 55.122764587402344 46.3477668762207
H 51.90812683105469 54.43427276611328 46.23390579223633
H 53.480873107910156 54.5973014831543 45.731868743896484
H 52.61479187011719 56.14244079589844 45.98039627075195
C 54.51605224609375 55.465789794921875 48.02102279663086
H 54.784942626953125 55.477638244628906 49.076236724853516
C 55.51875305175781 55.71233367919922 47.004390716552734
H 55.24200439453125 55.842308044433594 45.95919418334961
C 56.78703308105469 56.00322723388672 47.27045822143555
H 57.0867919921875 55.93419647216797 48.31511306762695
C 57.9219970703125 56.396202087402344 46.52116012573242
C 58.24413299560547 55.59984588623047 45.27607345581055
H 57.48162078857422 54.82105255126953 45.208980560302734
H 58.25471496582031 56.28501892089844 44.425838470458984
H 59.156280517578125 55.02613067626953 45.4530143737793
C 58.82433319091797 57.288818359375 47.00053787231445
H 58.454505920410156 57.894142150878906 47.82682418823242
C 60.03949737548828 57.713287353515625 46.273189544677734
H 60.19554138183594 57.487213134765625 45.21940994262695
C 60.98150634765625 58.49263000488281 46.90291213989258
H 60.864830017089844 58.78790283203125 47.94460678100586
C 62.326637268066406 58.96875 46.39689254760742
H 62.437828063964844 58.71282196044922 45.3442497253418
C 63.213714599609375 59.808860778808594 46.955013275146484
C 62.86375427246094 60.51073455810547 48.28982925415039
H 61.871131896972656 60.956336975097656 48.1971321105957
H 62.649986267089844 59.84564208984375 49.12913131713867
H 63.633460998535156 61.15901184082031 48.71379470825195
C 64.38842010498047 60.27434539794922 46.20400619506836
H 64.50337219238281 59.91643524169922 45.181941986083984
C 65.55711364746094 60.80388641357422 46.6505241394043
H 65.69017028808594 60.795509338378906 47.731327056884766
C 66.80420684814453 61.04448699951172 45.847103118896484
H 66.7086410522461 60.85149383544922 44.779605865478516
C 68.01206970214844 61.446449279785156 46.290462493896484
C 68.46637725830078 61.78742218017578 47.63762283325195
H 67.59011840820312 61.591026306152344 48.258968353271484
H 69.20626068115234 60.99104309082031 47.74164962768555
H 68.8741226196289 62.799766540527344 47.67439651489258
C 69.10844421386719 61.690155029296875 45.320865631103516
H 69.971435546875 62.242584228515625 45.689640045166016
C 69.15345764160156 61.22742462158203 44.06552505493164
H 68.35615539550781 60.60469055175781 43.66250228881836
C 70.29295349121094 61.534942626953125 43.14235305786133
C 71.58451843261719 61.39344024658203 43.386783599853516
C 72.1784896850586 60.783355712890625 44.687076568603516
H 72.9077377319336 59.981163024902344 44.55612564086914
H 72.75205993652344 61.50016784667969 45.27840042114258
H 71.40128326416016 60.303550720214844 45.28557205200195
C 72.6597671508789 61.73040008544922 42.44926071166992
H 73.50138854980469 61.03507995605469 42.423526763916016
H 72.93914031982422 62.69541931152344 42.87723159790039
C 72.20869445800781 61.83429718017578 41.02488327026367
H 72.14167022705078 60.89094543457031 40.47893142700195
H 72.96687316894531 62.29833984375 40.3906135559082
C 70.93247985839844 62.65050506591797 40.928768157958984
H 71.0923843383789 63.659698486328125 41.31404495239258
H 70.63317108154297 62.774085998535156 39.88589096069336
C 69.8223876953125 61.97444152832031 41.70143508911133
C 68.68982696533203 62.93394470214844 41.81045150756836
H 68.92113494873047 63.86015319824219 42.340633392333984
H 68.38965606689453 63.23284912109375 40.803958892822266
H 67.76383209228516 62.57640075683594 42.26560592651367
C 69.29171752929688 60.796409606933594 40.826053619384766
H 69.03987884521484 61.12541198730469 39.81571578979492
H 70.06657409667969 60.03034973144531 40.898258209228516
H 68.39423370361328 60.34364318847656 41.25264358520508
$end
