2.905883224936955597e-02
2.872715786508927074e-02
2.839102760126871461e-02
2.832827116028377445e-02
2.804940387497663681e-02
2.788220215819630504e-02
2.786048668296168748e-02
2.752359514866297222e-02
2.726849002457162538e-02
2.714865084612606838e-02
2.671429840202686409e-02
2.639536476953340330e-02
2.628046957912502299e-02
2.588768787078938108e-02
2.558020209369239392e-02
2.543800300082603091e-02
2.500879702546819974e-02
2.469623579518113662e-02
2.462524265856629729e-02
2.430764280747633316e-02
2.404765490711150214e-02
2.396612246107378622e-02
2.366064538273293660e-02
2.345254144589918252e-02
2.337835273601519132e-02
2.297547931511667585e-02
2.262814210090624556e-02
2.247664320687487935e-02
2.207239697097398284e-02
2.177429143709964932e-02
2.171581797218199300e-02
2.138610041907947415e-02
2.108882800709213634e-02
2.101708832603545532e-02
2.069979370154712700e-02
2.039857384765974072e-02
2.032825826463415669e-02
2.005761272960058378e-02
1.978350747225619474e-02
1.967140490278982204e-02
1.935044649282264065e-02
1.910580856497166163e-02
1.914095150865848319e-02
1.900652983659727527e-02
1.883687890873934553e-02
1.881398719392041868e-02
1.860521021421816454e-02
1.840743902129362772e-02
1.839282421223759414e-02
1.821851297302303635e-02
1.804157236252591431e-02
1.799671177024199722e-02
1.777761608663937579e-02
1.759994250789425826e-02
1.760818087464995074e-02
1.746358901197110972e-02
1.734261607166030089e-02
1.737035354512281304e-02
1.720673507198675414e-02
1.704320012620599498e-02
1.703998620235783537e-02
1.686833194449032305e-02
1.669931247679473652e-02
1.670047049093877772e-02
1.655458061139439621e-02
1.641349905932626418e-02
1.645963247949246491e-02
1.639917198051743172e-02
1.632542072160958133e-02
1.635472676275590009e-02
1.621027545855994664e-02
1.604534687871982460e-02
1.604523517983181755e-02
1.595611999887315210e-02
1.584875891831440814e-02
1.583384492897759593e-02
1.569469786948261142e-02
1.555623002722536161e-02
1.554712418560848242e-02
1.546654571282986800e-02
1.540511063351270894e-02
1.541282134204854416e-02
1.527703940170802542e-02
1.514287620293552211e-02
1.509681303758798193e-02
1.493850169008734997e-02
1.482135571123246662e-02
1.482631937436382219e-02
1.472832282923509407e-02
1.464715169988053435e-02
1.464838858915896297e-02
1.453083670730962070e-02
1.445575594518305751e-02
1.449829689239417845e-02
1.440963683098435075e-02
1.430295687852771100e-02
1.428529223392920391e-02
1.417668497541560435e-02
1.409782471690242296e-02
1.411924953223623637e-02
1.403640277143161467e-02
1.396497945313767385e-02
1.400302053985887953e-02
1.397098254501446569e-02
1.394133037710169713e-02
1.396127372518894162e-02
1.387270996309711638e-02
1.378608251528323086e-02
1.376490398854242868e-02
1.367891328446970041e-02
1.365016543648851950e-02
1.371056860254041450e-02
1.368757749228337491e-02
1.365862513124503456e-02
1.363815137997502133e-02
1.353198558224115444e-02
1.352993491609209842e-02
1.363287929209221899e-02
1.360785960069325722e-02
1.355667653505032884e-02
1.353947546754493900e-02
1.343866392087792599e-02
1.340665808572933000e-02
1.346994854851539004e-02
1.344107071638396544e-02
1.343435365653360483e-02
1.349937308532834709e-02
1.346526214165660179e-02
1.341906654050481484e-02
1.342004038321239351e-02
1.335383649945692287e-02
1.331530500840281267e-02
1.332768750159158376e-02
1.326333052732121300e-02
1.322254684852131566e-02
1.324589445880976560e-02
1.321857323222813164e-02
1.320224508695016716e-02
1.319872595166623683e-02
1.312827571067485752e-02
1.309766434745017992e-02
1.310882393738158416e-02
1.307146779785760791e-02
1.305963500795478960e-02
1.302836905736151976e-02
1.292025512169208031e-02
1.290447792485260523e-02
1.295143300278115209e-02
1.292051948286487319e-02
1.292486975305436915e-02
1.295852044059605385e-02
1.290351727006291624e-02
1.285219474315690141e-02
1.281071710148508000e-02
1.273248891212863144e-02
1.273842564711083133e-02
1.276903280703463490e-02
1.269990879789699607e-02
1.265312033069636820e-02
1.264678132334325598e-02
1.261058710117314227e-02
1.262476515462351324e-02
1.264169423706358597e-02
1.257998009986627599e-02
1.253660468646691784e-02
1.250423022682269590e-02
1.245686147247657312e-02
1.246679383073852863e-02
1.244670344921842628e-02
1.238148728248939998e-02
1.240625923403672164e-02
1.241781549868046196e-02
1.235950724220065584e-02
1.237804852964699900e-02
1.238443435534698246e-02
1.230870921509517185e-02
1.228829897980433447e-02
1.224653571491903827e-02
1.215040360632969538e-02
1.216391829971235315e-02
1.218000369256729692e-02
1.210807812739978472e-02
1.209070158187722926e-02
1.205103120680125345e-02
1.195903390231465788e-02
1.198846998646548728e-02
1.201066453643307233e-02
1.191632793071294334e-02
1.187895904745108790e-02
1.184486487028715146e-02
1.174973843775659922e-02
1.173619192667735810e-02
1.172032097605962830e-02
1.165817404882753261e-02
1.168918146413256386e-02
1.167839774034499893e-02
1.158091022439269348e-02
1.159019242734019885e-02
1.158186303438905017e-02
1.148420605718170756e-02
1.148027410842197837e-02
1.143748242261788915e-02
1.129279407002558265e-02
1.127375567684275187e-02
1.126496891352398930e-02
1.117269058758621307e-02
1.119748950504741158e-02
1.120187936333723495e-02
1.107502703871316753e-02
1.104221155928884063e-02
1.100565697891317876e-02
1.086454498329068701e-02
1.083828983451985174e-02
1.081304427268073819e-02
1.067201358831286299e-02
1.065652731078392361e-02
1.067559229442501152e-02
1.057768309424777543e-02
1.056288279756236424e-02
1.055025622550364965e-02
1.041801528832127927e-02
1.038494726372066537e-02
1.037823513164284894e-02
1.026809764465510220e-02
1.025351381148448607e-02
1.024247330037353181e-02
1.010086737564986833e-02
1.005312058113283502e-02
1.004151763681522536e-02
9.941355242630579500e-03
9.958676525096171045e-03
9.988992756315866195e-03
9.860237253126255194e-03
9.799916660557104336e-03
9.778416541315421151e-03
9.654197124951012857e-03
9.622711071140018294e-03
9.616661775748040764e-03
9.488538920002523303e-03
9.463410789118055846e-03
9.491672523901491243e-03
9.395300461235715078e-03
9.378431138161270192e-03
9.408192392881960589e-03
9.306652163140685316e-03
9.271430267010967799e-03
9.287830974821140867e-03
9.177526912581678714e-03
9.128249817961923626e-03
9.151547632733507409e-03
9.077234602000676736e-03
9.055094890433625782e-03
9.087066129984616367e-03
9.029573151587210605e-03
9.035760518977538347e-03
9.083707355473313871e-03
9.007284037243976083e-03
8.964921606427160919e-03
8.973333874139163835e-03
8.892810460920332408e-03
8.871607633485606090e-03
8.908585574172568980e-03
8.847776738159307888e-03
8.830212564846491238e-03
8.872976397840234147e-03
8.827186338910820301e-03
8.811712984961831904e-03
8.844887525255060862e-03
8.802817350668611443e-03
8.792196726862504599e-03
8.789839694937079048e-03
8.673947227640159754e-03
8.623056401239640942e-03
8.671929970143307798e-03
8.647541772269997859e-03
8.635170875130675563e-03
8.665265319164861327e-03
8.615264464034072533e-03
8.587351434957382623e-03
8.616561335117699227e-03
8.576962820802509768e-03
8.534219865097853602e-03
8.516684188958928425e-03
8.451273427429364937e-03
8.433238714690939261e-03
8.459329538983068053e-03
8.412502518479626074e-03
8.378440696439349786e-03
8.387026079145137175e-03
8.346667622125865035e-03
8.319899769219051694e-03
8.317939524322951264e-03
8.267496820743285013e-03
8.230483235286727844e-03
8.196076955880472054e-03
8.104938190035318110e-03
8.058113080733189659e-03
8.059367855106356823e-03
8.029687940579434413e-03
8.029725681766648054e-03
8.030415254066215064e-03
7.962634502756681457e-03
7.933350105786106041e-03
7.941256530885417927e-03
7.891907456420071965e-03
7.860582005667911959e-03
7.863950682859787572e-03
7.828550277243169486e-03
7.799074827526787136e-03
7.776664693728676907e-03
7.735703784856917328e-03
7.748082547211316944e-03
7.770984271062719023e-03
7.731933549011543554e-03
7.707212482329067922e-03
7.690052577247611862e-03
7.633235012736563907e-03
7.606622943880830649e-03
7.588753440244816462e-03
7.531524341889186611e-03
7.501421178752690037e-03
7.476776121580199982e-03
7.433328296779426018e-03
7.443384415887478907e-03
7.441410042330887792e-03
7.375693957141636788e-03
7.353913500458302520e-03
7.349419191275222488e-03
7.301404901279491197e-03
7.289944765209012065e-03
7.281181700468231446e-03
7.223591579541571543e-03
7.205107488882773331e-03
7.196627158549765042e-03
7.154068687884138945e-03
7.169046682708026495e-03
7.198520408812584398e-03
7.169447713858488613e-03
7.154739908318648832e-03
7.128188436145000903e-03
7.061086380333187092e-03
7.055706104921375538e-03
7.069419188579719078e-03
7.029250508601665899e-03
7.012212001594539910e-03
6.995550815622414778e-03
6.946501934736837303e-03
6.953782455697186081e-03
6.969798717328866584e-03
6.937049343478782562e-03
6.936672018068887162e-03
6.923572151686996530e-03
6.859699668776990736e-03
6.854102976224798853e-03
6.861986199717290055e-03
6.819280174948985467e-03
6.822290436443491542e-03
6.833764175798444362e-03
6.795467445950230216e-03
6.803167685659048357e-03
6.816920008997660006e-03
6.776002550458497080e-03
6.777520968110082103e-03
6.781774067482421522e-03
6.727706216862405601e-03
6.724297207391437096e-03
6.743715651790706429e-03
6.710679080976476168e-03
6.711745032049367364e-03
6.724027037998408715e-03
6.690383028458334047e-03
6.695590045847295106e-03
6.706026732626110300e-03
6.671850415776394219e-03
6.688555407932940573e-03
6.707249829580177319e-03
6.656032821843655724e-03
6.642638706494608664e-03
6.653168683646861446e-03
6.623741947761063904e-03
6.632542085018383778e-03
6.639199500231156119e-03
6.586342870268150317e-03
6.573524389390000139e-03
6.569657556044788786e-03
6.521131887566758260e-03
6.529685026099378217e-03
6.543054119054521854e-03
6.473763770175928675e-03
6.426715633439200777e-03
6.396591856224220947e-03
6.334313865644338598e-03
6.333626458822032637e-03
6.342128236302807011e-03
6.281040404836298052e-03
6.262048894806957790e-03
6.262877628190255917e-03
6.202937208122710419e-03
6.172460518444559258e-03
6.145350128707868960e-03
