0.000000000000000000e+00
3.255143953202154199e-04
6.497653766196284522e-04
9.714959083060555403e-04
1.289461677477322498e-03
1.602437370035531689e-03
1.909222845047942345e-03
2.208649174306043586e-03
2.499584514773397527e-03
2.780939782528845609e-03
3.051674097899630990e-03
3.310799972732936854e-03
3.557388212167161314e-03
3.790572504828367776e-03
4.009553677083787376e-03
4.213603588823835837e-03
4.402068650206506992e-03
4.574372940872290828e-03
4.730020915312709018e-03
4.868599680338696334e-03
4.989780832934371732e-03
5.093321849183788004e-03
5.179067017410121827e-03
5.246947911154683890e-03
5.296983400133380322e-03
5.329279199827034394e-03
5.344026962875254340e-03
5.341502917937494821e-03
5.322066064145857325e-03
5.286155931688294937e-03
5.234289921415123496e-03
5.167060238642860910e-03
5.085130438525163436e-03
4.989231602458532068e-03
4.880158166979408491e-03
4.758763428477981450e-03
4.625954748792428933e-03
4.482688488345916086e-03
4.329964694938536786e-03
4.168821577599868614e-03
4.000329796037561773e-03
3.825586597177753172e-03
3.645709831078243132e-03
3.461831879101742206e-03
3.275093527660596394e-03
3.086637821083824777e-03
2.897603927211504955e-03
2.709121049189607781e-03
2.522302416622036053e-03
2.338239388737050131e-03
2.157995701545967378e-03
1.982601890116695263e-03
1.813049916058264138e-03
1.650288029120907914e-03
1.495215890466369737e-03
1.348679983662362481e-03
1.211469337812265314e-03
1.084311585455296784e-03
9.678693759736326516e-04
8.627371632320658072e-04
7.694383840638652390e-04
6.884230420156131755e-04
6.200657084862670971e-04
5.646639510541441543e-04
5.224371963932382054e-04
4.935260327506164457e-04
4.779919545030245098e-04
4.758175488472526546e-04
4.869071222187139011e-04
5.110877615899900956e-04
5.481108233893874698e-04
5.976538404121527030e-04
6.593228347870492200e-04
7.326550228216693840e-04
8.171218953929615695e-04
9.121326554875631683e-04
1.017037992540622540e-03
1.131134171382872523e-03
1.253667411893848649e-03
1.383838533883757597e-03
1.520807840296306817e-03
1.663700210547445959e-03
1.811610374697646565e-03
1.963608338203881934e-03
2.118744926217239720e-03
2.276057415786895098e-03
2.434575223904616656e-03
2.593325619077902280e-03
2.751339424055428140e-03
2.907656677446154511e-03
3.061332222271866219e-03
3.211441189970626678e-03
3.357084349022333800e-03
3.497393288193790129e-03
3.631535405394095434e-03
3.758718674286500635e-03
3.878196162112882133e-03
3.989270273644742772e-03
4.091296697771018391e-03
4.183688034959723127e-03
4.265917085676765308e-03
4.337519781801440176e-03
4.398097745132353506e-03
4.447320459218673770e-03
4.484927042967054925e-03
4.510727616752168399e-03
4.524604254085340220e-03
4.526511514258132161e-03
4.516476553762910698e-03
4.494598816686265312e-03
4.461049306660966503e-03
4.416069445333781901e-03
4.359969524646960422e-03
4.293126762527243144e-03
4.215982973815081587e-03
4.129041870435339219e-03
4.032866006897885443e-03
3.928073389209185522e-03
3.815333767164380812e-03
3.695364631761940098e-03
3.568926941130309578e-03
3.436820599868971923e-03
3.299879718076154881e-03
3.158967677554904915e-03
3.014972033751515783e-03
2.868799282879316761e-03
2.721369524412052369e-03
2.573611049690051073e-03
2.426454887766805579e-03
2.280829339830563705e-03
2.137654533564872089e-03
1.997837028663299735e-03
1.862264504387836162e-03
1.731800559559866243e-03
1.607279654699956444e-03
1.489502225192217708e-03
1.379229993345258091e-03
1.277181506060773210e-03
1.184027923509460133e-03
1.100389082759381607e-03
1.026829858712771399e-03
9.638568429927770603e-04
9.119153595911211069e-04
8.713868341522125081e-04
8.425865317394101934e-04
8.257616758167375844e-04
8.210899589963589935e-04
8.286784538609988154e-04
8.485629298839019461e-04
8.807075801498725825e-04
9.250051592427955020e-04
9.812775313206194630e-04
1.049276625061956866e-03
1.128685789851896059e-03
1.219121545291965321e-03
1.320135713882853281e-03
1.431217924551605883e-03
1.551798472589417319e-03
1.681251519544157838e-03
1.818898614684478663e-03
1.964012517830683070e-03
2.115821301642086677e-03
2.273512709870255128e-03
2.436238746642077450e-03
2.603120470533280741e-03
2.773252966039892100e-03
2.945710464058024468e-03
3.119551582147265210e-03
3.293824654684418974e-03
3.467573122515709653e-03
3.639840951390369787e-03
3.809678048307356749e-03
3.976145644931961508e-03
4.138321617438634435e-03
4.295305712510352932e-03
4.446224649770429659e-03
4.590237071636879204e-03
4.726538312468185621e-03
4.854364959907286371e-03
4.972999182522252169e-03
5.081772799180142228e-03
5.180071067067558606e-03
5.267336166879087005e-03
5.343070365423570854e-03
5.406838837738529337e-03
5.458272132744401532e-03
5.497068268501392047e-03
5.522994445241397390e-03
5.535888366523327407e-03
5.535659161090122210e-03
5.522287900276917107e-03
5.495827708119554317e-03
5.456403463627537698e-03
5.404211097002805872e-03
5.339516483892006206e-03
5.262653944042194193e-03
5.174024352975249014e-03
5.074092877492030092e-03
4.963386347950790763e-03
4.842490282323852306e-03
4.712045579010008117e-03
4.572744897256775937e-03
4.425328745815472822e-03
4.270581302103408985e-03
4.109325985671926501e-03
3.942420811167726170e-03
3.770753547220445992e-03
3.595236708784353176e-03
3.416802411400626707e-03
3.236397116623019200e-03
3.054976298460341990e-03
2.873499061129792913e-03
2.692922738683751691e-03
2.514197507168020821e-03
2.338261039890176564e-03
2.166033236124569050e-03
1.998411053155591758e-03
1.836263470966814897e-03
1.680426618123132595e-03
1.531699086470620676e-03
1.390837461200100265e-03
1.258552091590881819e-03
1.135503126378598071e-03
1.022296836182352104e-03
9.194822437913086500e-04
8.275480813574969102e-04
7.469200916806991494e-04
6.779586888132979475e-04
6.209569911687133842e-04
5.761392381984071056e-04
5.436595995215749016e-04
5.236013831603056248e-04
5.159766472647581972e-04
5.207262174198266100e-04
5.377201093202569433e-04
5.667583542984404093e-04
6.075722229005590296e-04
6.598258394464475264e-04
7.231181782879228612e-04
7.969854303133540145e-04
8.809037261441493051e-04
9.742922004440895782e-04
1.076516379826430092e-03
1.186891875007043632e-03
1.304688356125715534e-03
1.429133788550866714e-03
1.559418905005388253e-03
1.694701888510913561e-03
1.834113239452126159e-03
1.976760799019024271e-03
2.121734900398350183e-03
2.268113618361984000e-03
2.414968087342354679e-03
2.561367857698032546e-03
2.706386259656850136e-03
2.849105744381752632e-03
2.988623171735721278e-03
3.124055014625838015e-03
3.254542450281358232e-03
3.379256309463501019e-03
3.497401855412181869e-03
3.608223365302521551e-03
3.711008488105751579e-03
3.805092354019498548e-03
3.889861412043315366e-03
3.964756973819353117e-03
4.029278443526435050e-03
4.082986215398320094e-03
4.125504222324911409e-03
4.156522120976182365e-03
4.175797100953126256e-03
4.183155307604847009e-03
4.178492870345177669e-03
4.161776530542604484e-03
4.133043865331609626e-03
4.092403105988700988e-03
4.040032551819548214e-03
3.976179582801386836e-03
3.901159276504740075e-03
3.815352637067128370e-03
3.719204446196151467e-03
3.613220748327887390e-03
3.497965984146572845e-03
3.374059788671116260e-03
3.242173472022308062e-03
3.103026202789909479e-03
2.957380915612288583e-03
2.806039966151656698e-03
2.649840558087670356e-03
2.489649968052572594e-03
2.326360595584523946e-03
2.160884866176151706e-03
1.994150016336773603e-03
1.827092790264558866e-03
1.660654078235141145e-03
1.495773527152638536e-03
1.333384153876872574e-03
1.174406991934137060e-03
1.019745802039833922e-03
8.702818765092668442e-04
7.268689671111691229e-04
5.903283652288198336e-04
4.614441623402822036e-04
3.409587178179726888e-04
2.295683598823257713e-04
1.279193442332308885e-04
3.660409343221969475e-05
-4.384226147283901782e-05
-1.129450172922786492e-04
-1.702926950360065335e-04
-2.155394801968299966e-04
-2.484072929304376870e-04
-2.686874761754186325e-04
-2.762420919143212627e-04
-2.710048179894469387e-04
-2.529814401441969098e-04
-2.222499362477869998e-04
-1.789601519662882751e-04
-1.233330694529007261e-04
-5.565967293192629768e-05
2.370058266901114044e-05
1.143216916377238780e-04
2.157133953473217469e-04
3.273238453375068861e-04
4.485426167991363590e-04
5.787040556686542372e-04
7.170909406478986371e-04
8.629384396791527296e-04
1.015438338734110657e-03
1.173743519229534030e-03
1.336972658969509675e-03
1.504215130242477112e-03
1.674536067578488718e-03
1.846981576703868181e-03
2.020584055423016185e-03
2.194367596514102021e-03
2.367353442251456802e-03
2.538565459864975098e-03
2.707035607116534126e-03
2.871809357218296083e-03
3.031951052534902821e-03
3.186549156902150886e-03
3.334721376954683739e-03
3.475619623582903734e-03
3.608434785529765140e-03
3.732401288186183892e-03
3.846801411844802138e-03
3.950969345017193123e-03
4.044294949903798342e-03
4.126227218718385957e-03
4.196277401302720214e-03
4.254021786310947101e-03
4.299104120187405807e-03
4.331237650195122503e-03
4.350206779863519807e-03
4.355868327401061710e-03
4.348152379849294473e-03
4.327062738026857085e-03
4.292676949611869651e-03
4.245145930026954402e-03
4.184693173108512514e-03
4.111613555849099461e-03
4.026271743784575266e-03
3.929100205844441793e-03
3.820596849680525913e-03
3.701322290624823631e-03
3.571896769488769764e-03
3.432996736392477169e-03
3.285351119692123557e-03
3.129737300846324038e-03
2.966976817717725205e-03
2.797930820335124604e-03
2.623495304535250743e-03
2.444596150154580878e-03
2.262183991542337895e-03
2.077228949110926544e-03
1.890715251423139096e-03
1.703635777933138265e-03
1.516986552946006372e-03
1.331761221636677209e-03
1.148945539071807116e-03
9.695119031063770569e-04
7.944139617817037565e-04
6.245813254338829961e-04
4.609144131344201597e-04
3.042794623304290050e-04
1.555037296353691369e-04
1.537090964751971022e-05
-1.153832025515891518e-04
-2.360747809357269635e-04
-3.460757473324560605e-04
-4.448172383380674015e-04
-5.317927409587113862e-04
-6.065608794487072379e-04
-6.687478377779330994e-04
-7.180494042074718648e-04
-7.542326265767477058e-04
-7.771370690930332796e-04
-7.866756636534998027e-04
-7.828351510083985569e-04
-7.656761093790190450e-04
-7.353325704610231455e-04
-6.920112250628669692e-04
-6.359902229334193522e-04
-5.676175736125836169e-04
-4.873091573791889512e-04
-3.955463575597863417e-04
-2.928733275877644501e-04
-1.798939082521034164e-04
-5.726821253823409741e-05
7.429110267177797789e-05
2.140228570166784812e-04
3.611216365299563485e-04
5.147423287998775148e-04
6.740048778713655193e-04
8.379992321161168793e-04
1.005790457218457652e-03
1.176423985502884169e-03
1.348930972069626319e-03
1.522333727611225023e-03
1.695651197359552154e-03
1.867904455361432030e-03
2.038122183202818218e-03
2.205346102397286786e-03
2.368636329923846841e-03
2.527076626840254244e-03
2.679779510507485866e-03
2.825891201737804059e-03
2.964596379115734797e-03
3.095122713834993350e-03
3.216745159637642969e-03
3.328789973828068932e-03
3.430638446855921366e-03
3.521730319609556962e-03
3.601566869326824558e-03
3.669713646901938062e-03
3.725802850336118206e-03
3.769535321133733827e-03
3.800682152574000414e-03
3.819085900978410643e-03
3.824661393333612675e-03
3.817396126905991602e-03
3.797350258785121488e-03
3.764656185604720300e-03
3.719517715999742877e-03
3.662208840653190852e-03
3.593072107053207984e-03
3.512516608307280231e-03
3.421015597533886426e-03
3.319103741459276252e-03
3.207374028877783226e-03
3.086474351575576019e-03
2.957103777159946628e-03
2.820008534967906495e-03
2.675977737840202087e-03
2.525838864030092567e-03
2.370453024862359797e-03
2.210710044958848555e-03
2.047523382897494405e-03
1.881824921063051824e-03
1.714559654178388157e-03
1.546680306568241859e-03
1.379141908601065440e-03
1.212896362976567622e-03
1.048887031574948035e-03
8.880433734597063377e-04
7.312756643284440156e-04
5.794698272378389844e-04
4.334824037932288421e-04
2.941356941917135548e-04
1.622130935470415054e-04
3.845465080911270473e-05
-7.644712467350026476e-05
-1.818511853037332046e-04
-2.771715739939676921e-04
-3.618807390883809079e-04
-4.355125167846067937e-04
-4.976647642727477202e-04
-5.480016287862750010e-04
-5.862554398203525998e-04
-6.122282139046270099e-04
-6.257927635096566634e-04
-6.268934039043041031e-04
-6.155462540549564527e-04
-5.918391299522012721e-04
-5.559310310544753574e-04
-5.080512228371456863e-04
-4.484979207180991596e-04
-3.776365828825794298e-04
-2.958978217393037620e-04
-2.037749458938610851e-04
-1.018211466116483586e-04
9.353655250067101099e-06
1.290862839445537592e-04
2.566640854609333953e-04
3.913289846570158943e-04
5.322817999014067304e-04
6.786867907743425595e-04
8.296764130624683471e-04
9.843562541137749772e-04
1.141810120603338344e-03
1.301105249901006672e-03
1.461297615537877253e-03
1.621437296738473515e-03
1.780573881626799698e-03
1.937761873527029874e-03
2.092066069764269946e-03
2.242566882529471034e-03
2.388365571701571866e-03
2.528589360020731033e-03
2.662396401672482635e-03
2.788980576173766615e-03
2.907576080440245000e-03
3.017461793056869235e-03
3.117965386061675136e-03
3.208467160981390981e-03
3.288403587416206895e-03
3.357270524152996052e-03
3.414626104580602457e-03
3.460093270078057597e-03
3.493361937036572849e-03
3.514190785245670506e-03
3.522408657513323611e-03
3.517915562586992548e-03
3.500683275682613550e-03
3.470755533202211831e-03
3.428247820513067364e-03
3.373346753959313975e-03
3.306309060569173272e-03
3.227460161192577653e-03
3.137192365043776042e-03
3.035962685817529625e-03
2.924290291684886276e-03
2.802753603541432818e-03
2.671987057866871684e-03
2.532677552449018495e-03
2.385560595014946279e-03
2.231416176490317108e-03
2.071064392161511229e-03
1.905360835439149757e-03
1.735191790205155510e-03
1.561469248862321383e-03
1.385125784189676808e-03
1.207109303931971651e-03
1.028377717713902873e-03
8.498935463648185163e-04
6.726185040643319849e-04
4.975080838739959861e-04
3.255061772004343222e-04
1.575397575445941359e-04
-5.486341470265630561e-06
-1.626945243315399217e-04
-3.132393793679772321e-04
-4.563124440751964331e-04
-5.911467631503399814e-04
-7.170212135192456648e-04
-8.332645719534574787e-04
-9.392593023259309054e-04
-1.034445041135457826e-03
-1.118321761630859537e-03
-1.190452598678919637e-03
-1.250466318432373993e-03
-1.298059418857236066e-03
-1.332997849260238133e-03
-1.355118339104945504e-03
-1.364329328607858001e-03
-1.360611495851041068e-03
-1.344017877422045044e-03
-1.314673581883209295e-03
-1.272775097667831366e-03
-1.218589199286092793e-03
-1.152451457988014133e-03
-1.074764365259809782e-03
-9.859950797112342850e-04
-8.866728100348242889e-04
-7.773858487668241970e-04
-6.587782735486206586e-04
-5.315463344590129306e-04
-3.964345477573516627e-04
-2.542315180296470640e-04
-1.057655122603203587e-04
4.810018925196365237e-05
2.064721389591768453e-04
3.684317378264134204e-04
5.330403925537765186e-04
6.993447852245553717e-04
8.663822257148227684e-04
1.033186056734899504e-03
1.198791081079376769e-03
1.362238980538363602e-03
1.522583695972863638e-03
1.678896738277319521e-03
1.830272400344842973e-03
1.975832840710052638e-03
2.114733010270058826e-03
2.246165394370928763e-03
2.369364543588225753e-03
2.483611367724507246e-03
2.588237168881587710e-03
2.682627390937980701e-03
2.766225064361671569e-03
2.838533927005797066e-03
2.899121203363368409e-03
2.947620026680951907e-03
2.983731490346157224e-03
3.007226317052175309e-03
3.017946136397432495e-03
3.015804363784534148e-03
3.000786675729415209e-03
2.972951078964843064e-03
2.932427573010916097e-03
2.879417408174508950e-03
2.814191943218237631e-03
2.737091109192780342e-03
2.648521488144616777e-03
2.548954017577796400e-03
2.438921333654813992e-03
2.319014768154722874e-03
2.189881016153030595e-03
2.052218493240708878e-03
1.906773402844218115e-03
1.754335535838055229e-03
1.595733826144760462e-03
1.431831687387599911e-03
1.263522156889523070e-03
1.091722874392487500e-03
9.173709237958521320e-04
7.414175669801231902e-04
5.648228993827798198e-04
3.885504574286765189e-04
2.135618081820274557e-04
4.081115168085639849e-05
-1.287600336632699599e-04
-2.942282724664803699e-04
-4.546932708601978150e-04
-6.092829629368953131e-04
-7.571583967760865588e-04
-8.975184325836104609e-04
-1.029604226541316024e-03
-1.152703475178698186e-03
-1.266154396432954627e-03
-1.369349425053745847e-03
-1.461738601623268751e-03
-1.542832636195239993e-03
-1.612205629393292710e-03
-1.669497435745232686e-03
-1.714415656049027552e-03
-1.746737247660821264e-03
-1.766309743751972748e-03
-1.773052074787739808e-03
-1.766954987724955262e-03
-1.748081060694684592e-03
-1.716564313216266792e-03
-1.672609414270413361e-03
-1.616490492824242944e-03
-1.548549557642543229e-03
-1.469194535419848704e-03
-1.378896938417646222e-03
-1.278189174877460924e-03
-1.167661517490856983e-03
-1.047958747131967497e-03
-9.197764908839417552e-04
-7.838572751108843772e-04
-6.409863159264448003e-04
-4.919870708868643487e-04
-3.377165770752261500e-04
-1.790606019418859132e-04
-1.692863431536488662e-05
1.477512561091267197e-04
3.140376617612619203e-04
4.809811530557671247e-04
6.476296371065523453e-04
8.130337290473641518e-04
9.762521056475697298e-04
1.136356811022494863e-03
1.292438484514426113e-03
1.443611481268740598e-03
1.589018856644333361e-03
1.727837186373110167e-03
1.859281195318709511e-03
1.982608168772655426e-03
2.097122121460596664e-03
2.202177700806410773e-03
2.297183802508230392e-03
2.381606878110929543e-03
2.454973916003726046e-03
2.516875079121136741e-03
2.566965984567507863e-03
2.604969612412128335e-03
2.630677832998560856e-03
2.643952544269355474e-03
2.644726412811385791e-03
2.633003214567399951e-03
2.608857773420143918e-03
2.572435498128002474e-03
2.523951520358787282e-03
2.463689438820991073e-03
2.391999676714415962e-03
2.309297461906428556e-03
2.216060441365413133e-03
2.112825943449437097e-03
2.000187903631762357e-03
1.878793471142756449e-03
1.749339315805807865e-03
1.612567656034291641e-03
1.469262030525771406e-03
1.320242837633182117e-03
1.166362667698333470e-03
1.008501454797599292e-03
8.475614753634659691e-04
6.844622220032888470e-04
5.201351815365052493e-04
3.555185468047367234e-04
1.915518921771829715e-04
2.917084287122077962e-05
-1.306982317630218883e-04
-2.871434709884307227e-04
-4.392726917630590446e-04
-5.862184449437968714e-04
-7.271429300418337602e-04
-8.612427407654080170e-04
-9.877534145482454089e-04
-1.105953760375648310e-03
-1.215169940478948727e-03
-1.314779282864705478e-03
-1.404213803174049480e-03
-1.482963416010257178e-03
-1.550578817637777952e-03
-1.606674023812628511e-03
-1.650928548460282690e-03
-1.683089210947915628e-03
-1.702971561801355825e-03
-1.710460918876116707e-03
-1.705513008194842455e-03
-1.688154205900147713e-03
-1.658481380028306845e-03
-1.616661333070350736e-03
-1.562929848545972864e-03
-1.497590347052503955e-03
-1.421012159458796571e-03
-1.333628427077458581e-03
-1.235933640755923837e-03
-1.128480832866444279e-03
-1.011878438136032789e-03
-8.867868411262494650e-04
-7.539146299425721238e-04
-6.140145774107818059e-04
-4.678793724953552910e-04
-3.163371261441149870e-04
-1.602466770148140121e-04
-4.927236679868329246e-07
1.620191892131992622e-04
3.263678021928714161e-04
4.916213609980527683e-04
6.568428954394832332e-04
8.210955274666135572e-04
9.834477783258477063e-04
1.142978844798388802e-03
1.298783814674191791e-03
1.449978791964325704e-03
1.595705902868347790e-03
1.735138154191171334e-03
1.867484116740127532e-03
1.991992407226716479e-03
2.107955943338962398e-03
2.214715947935074966e-03
2.311665679730439110e-03
2.398253869398308917e-03
2.473987841671888410e-03
2.538436305812461109e-03
2.591231798685284405e-03
2.632072766648703346e-03
2.660725274507369596e-03
2.677024331886931202e-03
2.680874829553276089e-03
2.672252080403485913e-03
2.651201962091221092e-03
2.617840660501377301e-03
2.572354015544757108e-03
2.514996472991060193e-03
2.446089648285532710e-03
2.366020510486324582e-03
2.275239196606787355e-03
2.174256468734766991e-03
2.063640828318865153e-03
1.944015303948037855e-03
1.816053930795622200e-03
1.680477941639213100e-03
1.538051690997320042e-03
1.389578335429579332e-03
1.235895294424484018e-03
1.077869517536502982e-03
9.163925845275284077e-04
7.523756662099655634e-04
5.867443744737919735e-04
4.204335306046454038e-04
2.543818814595073027e-04
8.952679336021141204e-05
-7.320104631193316276e-05
-2.328828898813096830e-04
-3.886171227787127164e-04
-5.395243602356352601e-04
-6.847524184777136966e-04
-8.234811323341884601e-04
-9.549269920484635982e-04
-1.078347573098039410e-03
-1.193045734003481259e-03
-1.298373558416347469e-03
-1.393736019223067819e-03
-1.478594343972940584e-03
-1.552469062625251020e-03
-1.614942720407794904e-03
-1.665662240469617571e-03
-1.704340922990637414e-03
-1.730760069463823606e-03
-1.744770222984313827e-03
-1.746292017546779117e-03
-1.735316631563756573e-03
-1.711905843049602678e-03
-1.676191686167047713e-03
-1.628375711082915471e-03
-1.568727851319133473e-03
-1.497584905004066200e-03
-1.415348638604050149e-03
-1.322483523851132993e-03
-1.219514120650809540e-03
-1.107022120752027125e-03
-9.856430688767250925e-04
-8.560627798259758114e-04
-7.190134717955437224e-04
-5.752696377340292110e-04
-4.256436780554629772e-04
-2.709813193628195552e-04
-1.121568450469974398e-04
4.993183531517902604e-05
2.143682499308679308e-04
3.802225335450800715e-04
5.465566718054750903e-04
7.124297916387920546e-04
8.769034677827598507e-04
1.039047015527799290e-03
1.197942739802073785e-03
1.352691110982380453e-03
1.502415838228762226e-03
1.646268811720413535e-03
1.783434885913392099e-03
1.913136476838740545e-03
2.034637947511603630e-03
2.147249756719421445e-03
2.250332347793838287e-03
2.343299755441927406e-03
2.425622910301470595e-03
2.496832622596648326e-03
2.556522228079382512e-03
2.604349881349948478e-03
2.640040483642006833e-03
2.663387234219052272e-03
2.674252796656170078e-03
2.672570073453238264e-03
2.658342584636631378e-03
2.631644448241524450e-03
2.592619962813324293e-03
2.541482794312304155e-03
2.478514772036774592e-03
2.404064300386627925e-03
2.318544395455021234e-03
2.222430357552044895e-03
2.116257092817921612e-03
2.000616099060118381e-03
1.876152132843368972e-03
1.743559576656936172e-03
1.603578526674325063e-03
1.456990623193608718e-03
1.304614647298079017e-03
1.147301908589935804e-03
9.859314500292274287e-04
8.214050969360623539e-04
6.546423780922577904e-04
4.865753475952693495e-04
3.181433366751940236e-04
1.502876650759901636e-04
-1.605365817289480012e-05
-1.799512147117304361e-04
-3.404894077635200241e-04
-4.967716145149092457e-04
-6.479252309229551702e-04
-7.931065805155145844e-04
-9.315056595249261067e-04
-1.062350691621258194e-03
-1.184912466588940432e-03
-1.298508438513231019e-03
-1.402506560403914658e-03
-1.496328833671371848e-03
-1.579454552485290474e-03
-1.651423224766895154e-03
-1.711837153396014981e-03
-1.760363663130018594e-03
-1.796736960735874702e-03
-1.820759617905350286e-03
-1.832303668653816314e-03
-1.831311315080279105e-03
-1.817795237574181553e-03
-1.791838507789855327e-03
-1.753594104947843414e-03
-1.703284038262357480e-03
-1.641198080514159104e-03
-1.567692119982047171e-03
-1.483186140097985132e-03
-1.388161838288942337e-03
-1.283159897502737356e-03
-1.168776925872733142e-03
-1.045662081844609802e-03
-9.145134038610226853e-04
-7.760738653637102224e-04
-6.311271774172900507e-04
-4.804933626795885866e-04
-3.250241257305592482e-04
-1.655980459128424120e-04
-3.115619837314835939e-06
1.615058184528971909e-04
3.273372709794593848e-04
4.934433137843503760e-04
6.588873697838062591e-04
8.227369867678156973e-04
9.840690907706702364e-04
1.141975185182735617e-03
1.295566466284286738e-03
1.443978826362075181e-03
1.586377716207922105e-03
1.721962839598064959e-03
1.849972653306915802e-03
1.969688647310614219e-03
2.080439381082007429e-03
2.181604253261176535e-03
2.272616983493415919e-03
2.352968786857474563e-03
2.422211223045044309e-03
2.479958704292307622e-03
2.525890647993965597e-03
2.559753261939307165e-03
2.581360952185210878e-03
2.590597345714399855e-03
2.587415922202520539e-03
2.571840251426409357e-03
2.543963835071894226e-03
2.503949553934287000e-03
2.452028723730489360e-03
2.388499764953026794e-03
2.313726494370677098e-03
2.228136047918822474e-03
2.132216446798043154e-03
2.026513820612888157e-03
1.911629303317055476e-03
1.788215619572097086e-03
1.656973380874350674e-03
1.518647112436331001e-03
1.374021033325775309e-03
1.223914613754184619e-03
1.069177934657185129e-03
9.106868758235252097e-04
7.493381597874777377e-04
5.860442795114533454e-04
4.217283385322458133e-04
2.573188327353026213e-04
9.374440323992472984e-05
-6.807140995988081387e-05
-2.272153839705345793e-04
-3.827897691373564220e-04
-5.339173562384141652e-04
-6.797464261370803279e-04
-8.194555539652208839e-04
-9.522582407377978495e-04
-1.077407346282187230e-03
-1.194199298491360924e-03
-1.301978055182651276e-03
-1.400138796243600341e-03
-1.488131325279391489e-03
-1.565463161618047949e-03
-1.631702305287108593e-03
-1.686479659425524445e-03
-1.729491096532903083e-03
-1.760499156976406271e-03
-1.779334370253052647e-03
-1.785896191641096796e-03
-1.780153549048960624e-03
-1.762144997071907020e-03
-1.731978477490390880e-03
-1.689830687664874501e-03
-1.635946060499600223e-03
-1.570635361840619446e-03
-1.494273913334478098e-03
-1.407299450889185457e-03
-1.310209630935207838e-03
-1.203559198672153694e-03
-1.087956834394818379e-03
-9.640616958059410740e-04
-8.325796759401650178e-04
-6.942593979220026620e-04
-5.498879692683404912e-04
-4.002865197960033005e-04
-2.463055484141823330e-04
-8.882010515510553649e-05
7.127516427740062689e-05
2.330710833918038299e-04
3.956490905635069765e-04
5.580864363476649870e-04
7.194614030537894696e-04
8.788585170644613908e-04
1.035373724431465576e-03
1.188119500493742655e-03
1.336229864643702315e-03
1.478865271910152377e-03
1.615217353729889735e-03
1.744513481138197262e-03
1.866021124619631280e-03
1.979051986014974864e-03
2.082965879176887098e-03
2.177174337489815644e-03
2.261143927922244432e-03
2.334399252941512810e-03
2.396525623392394607e-03
2.447171387302788954e-03
2.486049901533300428e-03
2.512941135205754451e-03
2.527692895933878088e-03
2.530221672013507374e-03
2.520513085903938744e-03
2.498621956530942476e-03
2.464671970156260324e-03
2.418854961770716683e-03
2.361429811174009432e-03
2.292720960078461438e-03
2.213116558721390115e-03
2.123066252560278089e-03
2.023078621662520275e-03
1.913718287360838049e-03
1.795602702626331558e-03
1.669398644396591965e-03
1.535818427778764443e-03
1.395615863616425124e-03
1.249581982356707307e-03
1.098540548473640049e-03
9.433433908790584202e-04
7.848655757934600453e-04
6.240004494329678270e-04
4.616545785977685824e-04
2.987426178226348017e-04
1.361821321589887679e-04
-2.511159509955948851e-05
-1.842307403522942984e-04
-3.402800739827866274e-04
-4.923820219518170761e-04
-6.396816260563327689e-04
-7.813513747970979870e-04
-9.165958775360239646e-04
-1.044656355515986368e-03
-1.164814924359042127e-03
-1.276398643841979716e-03
-1.378783312072516011e-03
-1.471396982638750565e-03
-1.553723184878651143e-03
-1.625303829098251026e-03
-1.685741780357697447e-03
-1.734703086319714380e-03
-1.771918846620029655e-03
-1.797186713248527610e-03
-1.810372013522416673e-03
-1.811408489370415747e-03
-1.800298648821652744e-03
-1.777113727788182020e-03
-1.741993262437953804e-03
-1.695144274661492543e-03
-1.636840075322033849e-03
-1.567418692148496179e-03
-1.487280931250032495e-03
-1.396888083308494644e-03
-1.296759287511867805e-03
-1.187468568233060549e-03
-1.069641561303829669e-03
-9.439519484959822248e-04
-8.111176204653500850e-04
-6.718965899540574544e-04
-5.270826784563125127e-04
-3.775010008319647356e-04
-2.240032734962151397e-04
-6.746297280616929057e-05
9.122962888617922007e-05
2.511725213591234351e-04
4.114570801354842954e-04
5.711732265328052244e-04
7.294145948902695928e-04
8.852836776787784915e-04
1.037896919326655775e-03
1.186389729888059647e-03
1.329921390142208655e-03
1.467679820320108878e-03
1.598886185443097394e-03
1.722799311176441504e-03
1.838719885182437926e-03
1.945994420172294246e-03
2.044018956211143129e-03
2.132242481308476486e-03
2.210170050923480727e-03
2.277365588724921622e-03
2.333454352750627750e-03
2.378125053009668734e-03
2.411131608546377737e-03
2.432294534030502754e-03
2.441501948034441750e-03
2.438710197308402872e-03
2.423944093534426657e-03
2.397296761241730391e-03
2.358929097767209319e-03
2.309068848343210408e-03
2.248009301577329980e-03
2.176107612738247335e-03
2.093782764372581484e-03
2.001513175831758778e-03
1.899833975276851109e-03
1.789333949644705043e-03
1.670652189878716600e-03
1.544474450460960524e-03
1.411529243893695296e-03
1.272583692288464926e-03
1.128439159590636891e-03
9.799266892148905585e-04
8.279022729689609547e-04
6.732419780982476726e-04
5.168369600908988282e-04
3.595883895281982577e-04
2.024023217554982124e-04
4.618453847191286184e-05
-1.081646095016041656e-04
-2.597553290222029518e-04
-4.077134519112641381e-04
-5.511854139786422080e-04
-6.893431175393780006e-04
-8.213886498308174558e-04
-9.465588305579946803e-04
-1.064129562758190555e-03
-1.173419962288493662e-03
-1.273796242495573317e-03
-1.364675332007660169e-03
-1.445528205102957148e-03
-1.515882905733534260e-03
-1.575327248016441216e-03
-1.623511177838011252e-03
-1.660148782132898340e-03
-1.685019934395217073e-03
-1.697971567037280353e-03
-1.698918563326395946e-03
-1.687844263780956689e-03
-1.664800584091802402e-03
-1.629907743836045376e-03
-1.583353607450552333e-03
-1.525392641132185733e-03
-1.456344491506496351e-03
-1.376592194045420407e-03
-1.286580021318384183e-03
-1.186810983196193896e-03
-1.077843993101858982e-03
-9.602907162956283169e-04
-8.348121179816086297e-04
-7.021147307278762049e-04
-5.629466622817367628e-04
-4.180933663351619903e-04
-2.683732001409883908e-04
-1.146327940892366098e-04
4.225774057646623923e-05
2.014097388061586349e-04
3.619210156862097297e-04
5.228809788049247880e-04
6.833757901156474511e-04
8.424935480903655589e-04
9.993294608349133877e-04
1.152990980884201775e-03
1.302602872607009797e-03
1.447312183526333314e-03
1.586293091399430897e-03
1.718751599599911738e-03
1.843930054196243765e-03
1.961111457126519120e-03
2.069623551015295927e-03
2.168842652467100132e-03
2.258197212088229339e-03
2.337171081030818640e-03
2.405306465505090922e-03
2.462206552471589514e-03
2.507537791576521999e-03
2.541031820334888145e-03
2.562487021581219028e-03
2.571769704282566519e-03
2.568814900936002010e-03
2.553626776938367187e-03
2.526278649506827085e-03
2.486912615935695219e-03
2.435738793182791809e-03
2.373034172971323890e-03
2.299141098770801639e-03
2.214465373153765362e-03
2.119474006117191486e-03
2.014692616985069157e-03
1.900702504469693657e-03
1.778137401342696870e-03
1.647679931955080366e-03
1.510057792523223892e-03
1.366039675667343354e-03
1.216430962138157889e-03
1.062069203984240427e-03
9.038194245946779264e-04
7.425692620904024389e-04
5.792239834235744745e-04
4.147013972834859611e-04
2.499266944773181876e-04
8.582724487349999349e-05
-7.667261975897466384e-05
-2.366568075960484043e-04
-3.932226239498350876e-04
-5.454858547187188284e-04
-6.925857474158227112e-04
-8.336898616731109896e-04
-9.679987618479501477e-04
-1.094750525248490989e-03
-1.213225040527796030e-03
-1.322748071978487299e-03
-1.422695066779567198e-03
-1.512494683685363609e-03
-1.591632023226515489e-03
-1.659651541164550072e-03
-1.716159628730970152e-03
-1.760826845055519759e-03
-1.793389789150915238e-03
-1.813652600851682010e-03
-1.821488082192662195e-03
-1.816838432857994980e-03
-1.799715595500341221e-03
-1.770201208933987191e-03
-1.728446169413379394e-03
-1.674669802418924649e-03
-1.609158649567691158e-03
-1.532264877437245019e-03
-1.444404317221177972e-03
-1.346054146217592245e-03
-1.237750224171739249e-03
-1.120084099439093385e-03
-9.936997017969656076e-04
-8.592897405024530356e-04
-7.175918278524128771e-04
-5.693843500526508559e-04
-4.154821086281780171e-04
-2.567317568970787101e-04
-9.400705719224843775e-05
7.179601447989497306e-05
2.397642887893676402e-04
4.089725201855562648e-04
5.784885719485071591e-04
7.473786400025647647e-04
9.147124860875670413e-04
1.079568650829432382e-03
1.241039617364632927e-03
1.398236896453210242e-03
1.550296004456583592e-03
1.696381306160606693e-03
1.835690695186487868e-03
1.967460085648049285e-03
2.090967689777561457e-03
2.205538057449393276e-03
2.310545854873983455e-03
2.405419361202817876e-03
2.489643663379363745e-03
2.562763531268295435e-03
2.624385956899389933e-03
2.674182343557774885e-03
2.711890332423316091e-03
2.737315256506228731e-03
2.750331213727757670e-03
2.750881753141191065e-03
2.738980170467261201e-03
2.714709411322867739e-03
2.678221582731462637e-03
2.629737075709613972e-03
2.569543303919649517e-03
2.497993065537740601e-03
2.415502537611494312e-03
2.322548914252292162e-03
2.219667702012158728e-03
2.107449687726580933e-03
1.986537595949786940e-03
1.857622454855514761e-03
1.721439691119437459e-03
1.578764975821528695e-03
1.430409844812026215e-03
1.277217118248354880e-03
1.120056145143588471e-03
9.598178997480882792e-04
7.974099574174619426e-04
6.337513782978783719e-04
4.697675276742845334e-04
3.063848621790828878e-04
1.445257112504887652e-04
-1.489691675002279411e-05
-1.709844744948380620e-04
-3.228579327624430382e-04
-4.696627261382300337e-04
-6.105735594890693285e-04
-7.447990481462299318e-04
-8.715861656726012208e-04
-9.902244741808695350e-04
-1.100050113397271160e-03
-1.200449526031062810e-03
-1.290862898503012052e-03
-1.370787297688383756e-03
-1.439779486056415141e-03
-1.497458399397709472e-03
-1.543507273240428933e-03
-1.577675406040288152e-03
-1.599779549278101910e-03
-1.609704916708183534e-03
-1.607405807146373945e-03
-1.592905837373170515e-03
-1.566297783921539793e-03
-1.527743034731323529e-03
-1.477470653849709227e-03
-1.415776064539687063e-03
-1.343019358314035761e-03
-1.259623239516325039e-03
-1.166070617131724800e-03
-1.062901857491764003e-03
-9.507117134537976938e-04
-8.301459474564896893e-04
-7.018976675762062748e-04
-5.667033973278149620e-04
-4.253389014484722772e-04
-2.786147912801529452e-04
-1.273719346022086506e-04
2.752330413283653708e-05
1.851839662560769738e-04
3.447075163282700477e-04
5.051809462248007003e-04
6.656859370297420544e-04
8.253040495854591227e-04
9.831219143888474035e-04
1.138236391537091529e-03
1.289759671596159459e-03
1.436824288607563803e-03
1.578588016953664077e-03
1.714238624454804795e-03
1.842998454895709197e-03
1.964128814148060915e-03
2.076934135163004819e-03
2.180765898366885096e-03
2.275026285380839491e-03
2.359171545487288770e-03
2.432715055904380742e-03
2.495230058648872408e-03
2.546352058612256965e-03
2.585780869379031201e-03
2.613282295316910440e-03
2.628689440520336380e-03
2.631903637302670813e-03
2.622894989077328466e-03
2.601702524654204204e-03
2.568433963166446947e-03
2.523265091048759907e-03
2.466438754674865185e-03
2.398263474435324664e-03
2.319111688172417491e-03
2.229417633985166479e-03
2.129674884445282874e-03
2.020433546241531039e-03
1.902297141151093260e-03
1.775919186036176633e-03
1.641999491259793584e-03
1.501280198505273653e-03
1.354541580448966141e-03
1.202597626076328712e-03
1.046291436644827691e-03
8.864904583518435450e-04
7.240815786928413763e-04
5.599661142543535487e-04
3.950547182969603118e-04
2.302622369294503009e-04
6.650254296240833217e-05
-9.531662335258967280e-05
-2.542987775355159226e-04
-4.095637490880871278e-04
-5.602526461237091306e-04
-7.055326983701190385e-04
-8.446019511941311097e-04
-9.766937841442719162e-04
-1.101081228501768570e-03
-1.217081059479913248e-03
-1.324057639977764371e-03
-1.421426494217709014e-03
-1.508657591115638913e-03
-1.585278318887693889e-03
-1.650876134139217868e-03
-1.705100870530764853e-03
-1.747666694041677578e-03
-1.778353693853495371e-03
-1.797009099938410648e-03
-1.803548120550348870e-03
-1.797954394968348220e-03
-1.780280059017393590e-03
-1.750645423085072944e-03
-1.709238264541352876e-03
-1.656312738651384044e-03
-1.592187914230292281e-03
-1.517245942405388067e-03
-1.431929868931910987e-03
-1.336741102517996493e-03
-1.232236553561057071e-03
-1.119025459559507040e-03
-9.977659152331705677e-04
-8.691611270545141757e-04
-7.339554134473322538e-04
-5.929299733462126175e-04
-4.468984471178721754e-04
-2.967022950133795358e-04
-1.432060193523055085e-04
1.270774248202986898e-05
1.701432264294596146e-04
3.281966231476539202e-04
4.859612036274003465e-04
6.425324599997257226e-04
7.970132324251761723e-04
9.485187930302888719e-04
1.096181858115067393e-03
1.239157500259909298e-03
1.376627932527801565e-03
1.507807137693303705e-03
1.631945316304344142e-03
1.748333128415760366e-03
1.856305705003004911e-03
1.955246406372346691e-03
2.044590306319728473e-03
2.123827382344313335e-03
2.192505393890705184e-03
2.250232432362807896e-03
2.296679128510133779e-03
2.331580504732509457e-03
2.354737461858253875e-03
2.366017892023656536e-03
2.365357411398592933e-03
2.352759708656141854e-03
2.328296507262822990e-03
2.292107141849264798e-03
2.244397751110625491e-03
2.185440091852257436e-03
2.115569980949106536e-03
2.035185374083744135e-03
1.944744092193342790e-03
1.844761208544981514e-03
1.735806111279694555e-03
1.618499258106313688e-03
1.493508641563745434e-03
1.361545984910226973e-03
1.223362690224205022e-03
1.079745561700157317e-03
9.315123283960600282e-04
7.795069918247670782e-04
6.245950247692364996e-04
4.676584485463149187e-04
3.095908166281778899e-04
1.512921330604013754e-04
-6.336265515473035035e-06
-1.623968352224539242e-04
-3.160009286403806677e-04
-4.662738478990772432e-04
-6.123598185304165520e-04
-7.534268558891792653e-04
-8.886714965577851818e-04
-1.017323367917658027e-03
-1.138649569987996730e-03
-1.251958844691430147e-03
-1.356605508921299077e-03
-1.451993129104900762e-03
-1.537577916443932935e-03
-1.612871823575316764e-03
-1.677445325099754256e-03
-1.730929866209050859e-03
-1.773019965526037404e-03
-1.803474960227649353e-03
-1.822120383547631145e-03
-1.828848966839233346e-03
-1.823621260499361544e-03
-1.806465870221381437e-03
-1.777479307214416228e-03
-1.736825453218766337e-03
-1.684734643325479925e-03
-1.621502371774225914e-03
-1.547487628037344303e-03
-1.463110872592424637e-03
-1.368851663827876271e-03
-1.265245949497546254e-03
-1.152883038047368804e-03
-1.032402266942975943e-03
-9.044893868486640707e-04
-7.698726821171963898e-04
-6.293188495418212437e-04
-4.836286586931787214e-04
-3.336324184035919312e-04
-1.801852750568930304e-04
-2.416236929708511327e-05
1.335461214259474610e-04
2.920400264099292861e-04
4.504142827974867637e-04
6.077640653369500469e-04
7.631899157571031241e-04
9.158028427124142393e-04
1.064729363414944558e-03
1.209116458397697502e-03
1.348136411346507199e-03
1.480991506580694788e-03
1.606918557571479370e-03
1.725193240836175737e-03
1.835134210649413912e-03
1.936106971246666364e-03
2.027527484571264079e-03
2.108865493103577200e-03
2.179647538927837087e-03
2.239459661903731112e-03
2.287949761630688264e-03
2.324829609782282005e-03
2.349876501380182905e-03
2.362934535604135824e-03
2.363915518840655188e-03
2.352799484801503232e-03
2.329634828713329428e-03
2.294538054763194026e-03
2.247693138166765182e-03
2.189350505414254348e-03
2.119825638402554006e-03
2.039497310292738043e-03
1.948805463017045780e-03
1.848248738384879316e-03
1.738381676699132924e-03
1.619811598676931894e-03
1.493195188259446556e-03
1.359234795591032904e-03
1.218674481030705388e-03
1.072295822528292891e-03
9.209135100348322771e-04
7.653707518258192916e-04
6.065345186821174831e-04
4.452906527924028568e-04
2.825388690088621955e-04
1.191876766984923216e-04
-4.385074911036227152e-05
-2.056657183063699274e-04
-3.653531688824624953e-04
-5.220207736610794208e-04
-6.747929816865703718e-04
-8.228159657816973066e-04
-9.652624482905283309e-04
-1.101336377717531583e-03
-1.230277429809746277e-03
-1.351365307623376196e-03
-1.463923816241895475e-03
-1.567324689091625705e-03
-1.660991144196899113e-03
-1.744401150242199782e-03
-1.817090383948639747e-03
-1.878654862010579237e-03
-1.928753232679836617e-03
-1.967108714002958284e-03
-1.993510667716419469e-03
-2.007815799856041243e-03
-2.009948981253867339e-03
-1.999903683235556163e-03
-1.977742026005857405e-03
-1.943594439405167728e-03
-1.897658937899125535e-03
-1.840200013851300918e-03
-1.771547155285128558e-03
-1.692092996456304047e-03
-1.602291111644229497e-03
-1.502653464575246607e-03
-1.393747527845620813e-03
-1.276193088575018533e-03
-1.150658758293316960e-03
-1.017858206740243588e-03
-8.785461408146156247e-04
-7.335140513544768752e-04
-5.835857517412767212e-04
-4.296127334983451847e-04
-2.724693650953744612e-04
-1.130479610488283450e-04
4.774625084716264880e-05
2.090002357525852983e-04
3.697983026509251130e-04
5.292272707756783077e-04
6.863816224236687176e-04
8.403686130594494258e-04
9.903133098543394960e-04
1.135363530204969032e-03
1.274694652338465841e-03
1.407514270832566127e-03
1.533066670753264159e-03
1.650637095132291088e-03
1.759555781675350636e-03
1.859201745890567622e-03
1.949006289259436371e-03
2.028456212621451357e-03
2.097096716608740780e-03
2.154533972732068647e-03
2.200437350577999756e-03
2.234541288519341275e-03
2.256646797351416836e-03
2.266622588339140681e-03
2.264405819283233853e-03
2.250002454362691213e-03
2.223487235702924746e-03
2.185003266797956589e-03
2.134761210119102016e-03
2.073038103410855103e-03
2.000175801336019979e-03
1.916579051241776950e-03
1.822713213889605791e-03
1.719101641992699459e-03
1.606322731341268666e-03
1.485006661143606094e-03
1.355831841963984043e-03
1.219521091296773196e-03
1.076837558348015152e-03
9.285804210140084086e-04
7.755803793414648133e-04
6.186949708904860993e-04
4.588037344398957591e-04
2.968032493245540012e-04
1.336020784040969618e-04
-2.988435680088477050e-05
-1.927389398753516969e-04
-3.540480330377724781e-04
-5.129066312231019302e-04
-6.684234676322043560e-04
-8.197260419227958604e-04
-9.659655426622407171e-04
-1.106321636248683250e-03
-1.240007095271393640e-03
-1.366272240171863273e-03
-1.484409169139360839e-03
-1.593755752351352960e-03
-1.693699368009681872e-03
-1.783680359078329081e-03
-1.863195191204089019e-03
-1.931799293986276181e-03
-1.989109569554167907e-03
-2.034806554281730871e-03
-2.068636221434350456e-03
-2.090411414562790698e-03
-2.100012903548683415e-03
-2.097390057334539218e-03
-2.082561129533467854e-03
-2.055613155303219041e-03
-2.016701460059559109e-03
-1.966048782799342896e-03
-1.903944018976666671e-03
-1.830740590023345257e-03
-1.746854448717438581e-03
-1.652761731652813192e-03
-1.548996072060808676e-03
-1.436145588149452101e-03
-1.314849563961747190e-03
-1.185794841483724278e-03
-1.049711944372633743e-03
-9.073709551832299372e-04
-7.595771693653287230e-04
-6.071665505685685128e-04
-4.510010129062673912e-04
-2.919635568138504627e-04
-1.309532859606628687e-04
3.111966665560146817e-05
1.933392747843538538e-04
3.547887881740486834e-04
5.145559058201234267e-04
6.717379239979771400e-04
8.254468300237826402e-04
9.748143129822285213e-04
1.118996663135651132e-03
1.257179532353987911e-03
1.388582528690129186e-03
1.512463619164009258e-03
1.628123315898627119e-03
1.734908621975742677e-03
1.832216714736258469e-03
1.919498345732692209e-03
1.996260938138387855e-03
2.062071364132164047e-03
2.116558386579100916e-03
2.159414751221883002e-03
2.190398917580916281e-03
2.209336418789624185e-03
2.216120842691988481e-03
2.210714428669201606e-03
2.193148276829690047e-03
2.163522168386720554e-03
2.122003998242865449e-03
2.068828822990267068e-03
2.004297529709473703e-03
1.928775133085310328e-03
1.842688710464811426e-03
1.746524986520058735e-03
1.640827581159803525e-03
1.526193936237425167e-03
1.403271938411172325e-03
1.272756257235183128e-03
1.135384419160502881e-03
9.919326396230707110e-04
8.432114367575207353e-04
6.900610515083494033e-04
5.333467000086215696e-04
3.739536850341427490e-04
2.127823941456634643e-04
5.074321276770834405e-05
-1.112486190700150482e-04
-2.722781772803007207e-04
-4.314360223526405658e-04
-5.878233368884464060e-04
-7.405570030200115186e-04
-8.887745910415369458e-04
-1.031639231077199903e-03
-1.168344340276603749e-03
-1.298118178841881206e-03
-1.420228209154491411e-03
-1.533985233390582981e-03
-1.638747286252500730e-03
-1.733923260839259541e-03
-1.818976247179185900e-03
-1.893426564569065896e-03
-1.956854470603138548e-03
-2.008902531587994887e-03
-2.049277640964106400e-03
-2.077752674332433193e-03
-2.094167771747151505e-03
-2.098431240029801151e-03
-2.090520070016186650e-03
-2.070480065813959294e-03
-2.038425585346160824e-03
-1.994538893646700603e-03
-1.939069132565240765e-03
-1.872330912700836524e-03
-1.794702535519344163e-03
-1.706623855700174774e-03
-1.608593795785925396e-03
-1.501167527173849145e-03
-1.384953333374249612e-03
-1.260609173251267924e-03
-1.128838963660365111e-03
-9.903886024785826803e-04
-8.460417544895845916e-04
-6.966154239279048624e-04
-5.429553386873146523e-04
-3.859311722665515029e-04
-2.264316304371118312e-04
-6.535943038626396303e-05
9.637379930817808365e-05
2.578526690636219259e-04
4.181631999501722922e-04
5.763979874122510073e-04
7.316613278831527985e-04
8.830742793430327231e-04
1.029779627235369961e-03
1.170946727691911469e-03
1.305776200714641117e-03
1.433504446803886149e-03
1.553407961524101363e-03
1.664807423636003583e-03
1.767071533705234353e-03
1.859620581507003770e-03
1.941929722073767756e-03
2.013531941885309592e-03
2.074020698444035450e-03
2.123052218325541512e-03
2.160347440725456959e-03
2.185693595520092711e-03
2.198945406929830870e-03
2.200025915979909093e-03
2.188926917115399575e-03
2.165709006497869120e-03
2.130501241710389473e-03
2.083500414788814255e-03
2.024969942682056708e-03
1.955238381403981516e-03
1.874697572266457784e-03
1.783800430658055757e-03
1.683058389855721787e-03
1.573038514299612573e-03
1.454360298633017648e-03
1.327692170582057485e-03
1.193747717420079067e-03
1.053281657327391615e-03
9.070855783934023663e-04
7.559834693242066701e-04
6.008270670910083799e-04
4.424910477924057640e-04
2.818680878875241954e-04
1.198638236882794493e-04
-4.260826242559673168e-05
-2.046320001894337570e-04
-3.652937049076337159e-04
-5.236873369626691413e-04
-6.789196182440523572e-04
-8.301150766028144541e-04
-9.764209898456060674e-04
-1.117012201348673538e-03
-1.251095780097188047e-03
-1.377915498832339757e-03
-1.496756105019599265e-03
-1.606947360515726493e-03
-1.707867827123621179e-03
-1.798948376654975739e-03
-1.879675405678394228e-03
-1.949593736799323926e-03
-2.008309190082174615e-03
-2.055490810097173032e-03
-2.090872736009918072e-03
-2.114255704154086382e-03
-2.125508174597596275e-03
-2.124567075339554856e-03
-2.111438159934391455e-03
-2.086195976516973510e-03
-2.048983448406819369e-03
-2.000011068650850519e-03
-1.939555713057160985e-03
-1.867959078410208213e-03
-1.785625754694792873e-03
-1.693020942202583690e-03
-1.590667826412157275e-03
-1.479144625467923493e-03
-1.359081326917007618e-03
-1.231156132136619315e-03
-1.096091628524240675e-03
-9.546507110581117263e-04
-8.076322762597923539e-04
-6.558667128676292507e-04
-5.002112146812497454e-04
-3.415449420417222392e-04
-1.807640592644977479e-04
-1.877667604400175597e-05
1.435022786077152634e-04
3.051562209494102472e-04
4.652720864640172882e-04
6.229454839670673424e-04
7.772858007686329982e-04
9.274212300666922560e-04
1.072503692186892697e-03
1.211713621884385680e-03
1.344264594679252418e-03
1.469407766104223077e-03
1.586436098806289852e-03
1.694688353631400822e-03
1.793552822164752201e-03
1.882470779650157171e-03
1.960939638798793027e-03
2.028515786680498787e-03
2.084817088681203967e-03
2.129525045395672632e-03
2.162386590274662998e-03
2.183215517884451971e-03
2.191893534712558399e-03
2.188370926593535219e-03
2.172666838985265990e-03
2.144869168522820467e-03
2.105134066453891260e-03
2.053685056774751973e-03
1.990811774038360633e-03
1.916868327972744189e-03
1.832271304136438156e-03
1.737497411910880361e-03
1.633080793104606373e-03
1.519610006373968859e-03
1.397724704482937843e-03
1.268112023167692216e-03
1.131502701996786380e-03
9.886669591279266273e-04
8.404101432558700423e-04
6.875681873021882457e-04
5.310028895141259133e-04
3.715970486193636755e-04
2.102494805002358717e-04
4.786994452640814163e-05
-1.146259918100748994e-04
-2.763221209638100557e-04
-4.363067669318180402e-04
-5.936779311772647730e-04
-7.475483838308712809e-04
-8.970506714292065436e-04
-1.041342012914117047e-03
-1.179609056258986051e-03
-1.311072468869144180e-03
-1.434991335838936566e-03
-1.550667341245191540e-03
-1.657448708867328719e-03
-1.754733880094948165e-03
-1.841974908264095139e-03
-1.918680550259004459e-03
-1.984419037938811234e-03
-2.038820513741694367e-03
-2.081579116727147547e-03
-2.112454707284702748e-03
-2.131274220780514372e-03
-2.137932642504419400e-03
-2.132393598427773703e-03
-2.114689558437711763e-03
-2.084921650915103498e-03
-2.043259089709076933e-03
-1.989938216753747886e-03
-1.925261165739523394e-03
-1.849594154395755490e-03
-1.763365415033200977e-03
-1.667062775038510988e-03
-1.561230900993805645e-03
-1.446468221981116881e-03
-1.323423549462078271e-03
-1.192792412814452137e-03
-1.055313131226992811e-03
-9.117626441382162793e-04
-7.629521237638416326e-04
-6.097223944939718192e-04
-4.529391850231034682e-04
-2.934882400302704056e-04
-1.322703190060374120e-04
2.980388952794746821e-05
1.918189096925176159e-04
3.528596467848888482e-04
5.120165534894464531e-04
6.683907645970726561e-04
8.210991712424340174e-04
9.692794060088757990e-04
1.112094710760117315e-03
1.248738659713474709e-03
1.378439711096768024e-03
1.500465561684150885e-03
1.614127279643134743e-03
1.718783192352647034e-03
1.813842507255253832e-03
1.898768645301377985e-03
1.973082268177636482e-03
2.036363982232976613e-03
2.088256703844580849e-03
2.128467672880909184e-03
2.156770102900866341e-03
2.173004458786267738e-03
2.177079354600586041e-03
2.168972066621703294e-03
2.148728658657879896e-03
2.116463718957919526e-03
2.072359710209311246e-03
2.016665936307581765e-03
1.949697131745427954e-03
1.871831681596083192e-03
1.783509482157133192e-03
1.685229454343715322e-03
1.577546723885235808e-03
1.461069484259561440e-03
1.336455560085757568e-03
1.204408690394837998e-03
1.065674552774409974e-03
9.210365508440042761e-04
7.713113888573622191e-04
6.173444584305842146e-04
4.600050634495593928e-04
3.001815101261722115e-04
1.387760899368772416e-04
-2.330001622392291501e-05
-1.851318839007084311e-04
-3.458060118766017959e-04
-5.044154807439007711e-04
-6.600650741157832162e-04
-8.118763335553365670e-04
-9.589925186879646318e-04
-1.100583444479755332e-03
-1.235850168378410750e-03
-1.364029500848112876e-03
-1.484398313834250959e-03
-1.596277622834065251e-03
-1.699036419529165436e-03
-1.792095233344162845e-03
-1.874929401827165514e-03
-1.947072031395275264e-03
-2.008116631731644754e-03
-2.057719408972264429e-03
-2.095601204740217289e-03
-2.121549070089188711e-03
-2.135417465480512773e-03
-2.137129080030197078e-03
-2.126675265407838682e-03
-2.104116081954505741e-03
-2.069579956768160135e-03
-2.023262955700978923e-03
-1.965427673393551917e-03
-1.896401747623288614e-03
-1.816576006374317175e-03
-1.726402258098574775e-03
-1.626390737663458439e-03
-1.517107222420227813e-03
-1.399169834686797998e-03
-1.273245548717468704e-03
-1.140046421892230381e-03
-1.000325571420968961e-03
-8.548729192889188699e-04
-7.045107294846034629e-04
-5.500889627189406005e-04
-3.924804748731043364e-04
-2.325760863017312140e-04
-7.127954983643757631e-05
9.049755408246034456e-05
2.518409663214930664e-04
4.118389129293064613e-04
5.695872548104881188e-04
7.241945941181873172e-04
8.747873085196057217e-04
1.020514484918255867e-03
1.160552724755506936e-03
1.294110793769369253e-03
1.420434089951493018e-03
1.538808904470758939e-03
1.648566451509041056e-03
1.749086644255719043e-03
1.839801595742331835e-03
1.920198824752136942e-03
1.989824148711193379e-03
2.048284247227841106e-03
2.095248881813428343e-03
2.130452759257298653e-03
2.153697028143095916e-03
2.164850400064159165e-03
2.163849889217046591e-03
2.150701166204106556e-03
2.125478524061917649e-03
2.088324456716340871e-03
2.039448852252408531e-03
1.979127805573402052e-03
1.907702057156780880e-03
1.825575066742568357e-03
1.733210732837127356e-03
1.631130770926027176e-03
1.519911765210667275e-03
1.400181910530313815e-03
1.272617462873569961e-03
1.137938918543154746e-03
9.969069435513775324e-04
8.503180762493483874e-04
6.990002274611639135e-04
5.438080035488478559e-04
3.856178788232170434e-04
2.253232445695863820e-04
6.382936265608440431e-05
-9.795174777276044443e-05
-2.591064616357297468e-04
-4.187247081954630860e-04
-5.759051111328000478e-04
-7.297600793845636803e-04
-8.794208199962007212e-04
-1.024042244679729133e-03
-1.162807742361849370e-03
-1.294933790782351124e-03
-1.419674381091239838e-03
-1.536325230461311336e-03
-1.644227758938068915e-03
-1.742772808058327136e-03
-1.831404080253660506e-03
-1.909621279612441075e-03
-1.976982936275826358e-03
-2.033108898516889848e-03
-2.077682478441417960e-03
-2.110452239197617517e-03
-2.131233413610642870e-03
-2.139908946237783268e-03
-2.136430152968695796e-03
-2.120816994454717119e-03
-2.093157961830657658e-03
-2.053609575386720117e-03
-2.002395499027476589e-03
-1.939805275532974650e-03
-1.866192689768891768e-03
-1.781973769103664717e-03
-1.687624432331272326e-03
-1.583677800389136177e-03
-1.470721184062005792e-03
-1.349392765704475125e-03
-1.220377993714657138e-03
-1.084405710141848412e-03
-9.422440332994934387e-04
-7.946960186443971248e-04
-6.425951224330528821e-04
-4.868004937842955308e-04
-3.281921217359693864e-04
-1.676658647123904788e-04
-6.128390476242055996e-06
1.555079448545761036e-04
3.163302498011770600e-04
4.754302534241363785e-04
6.319094350113289849e-04
7.848840985833708660e-04
9.334903635522701386e-04
1.076889043356893524e-03
1.214270384517636848e-03
1.344858639350906626e-03
1.467916446520261620e-03
1.582748994687808389e-03
1.688707945756569425e-03
1.785195095549891404e-03
1.871665751255679197e-03
1.947631806580611778e-03
2.012664497227527761e-03
2.066396821170224992e-03
2.108525610039341941e-03
2.138813239945156451e-03
2.157088972071691518e-03
2.163249915487689464e-03
2.157261606736991105e-03
2.139158202950484054e-03
2.109042287394156858e-03
2.067084288559631767e-03
2.013521516088141727e-03
1.948656818983408650e-03
1.872856873693522694e-03
1.786550111747583006e-03
1.690224298651067571e-03
1.584423777730846906e-03
1.469746394491325747e-03
1.346840118874144876e-03
1.216399384495476859e-03
1.079161165541736274e-03
9.359008134961253151e-04
7.874276772040879942e-04
6.345805310279156904e-04
4.782228369113324887e-04
3.192378671179228679e-04
1.585237151943422391e-04
-3.011776663201664415e-06
-1.644561451881351136e-04
-3.248974596065154876e-04
-4.834294720760747466e-04
-6.391567359117550275e-04
-7.911996626961102525e-04
-9.386994897060348163e-04
-1.080823129608562017e-03
-1.216767875035820170e-03
-1.345765931470899179e-03
-1.467088752846528680e-03
-1.580051155377002999e-03
-1.684015186388973778e-03
-1.778393726312562035e-03
-1.862653803483075134e-03
-1.936319603055197073e-03
-1.998975153025565367e-03
-2.050266672208479225e-03
-2.089904566913857072e-03
-2.117665065048682932e-03
-2.133391478431169355e-03
-2.136995086184677924e-03
-2.128455634246208088e-03
-2.107821448155206261e-03
-2.075209158519049184e-03
-2.030803040690113900e-03
-1.974853972409864808e-03
-1.907678015306754453e-03
-1.829654628271012691e-03
-1.741224522802312059e-03
-1.642887172455305455e-03
-1.535197990451525347e-03
-1.418765191411606834e-03
-1.294246354933878494e-03
-1.162344710439462952e-03
-1.023805164269267921e-03
-8.794100914794077736e-04
-7.299749161080878145e-04
-5.763435048796590162e-04
-4.193834003686422169e-04
-2.599809205469294699e-04
-9.903615239836162213e-05
6.254213212161979557e-05
2.238416090680974573e-04
3.839515554334781253e-04
5.419679929157476383e-04
6.969987934809923884e-04
8.481687178754716882e-04
9.946243586399707449e-04
1.135538959702021367e-03
1.270117085334193565e-03
1.397599112104341672e-03
1.517265518455999549e-03
1.628440947689192191e-03
1.730498021407944230e-03
1.822860881885733642e-03
1.905008443362132516e-03
1.976477333902586925e-03
2.036864511215081761e-03
2.085829537656225512e-03
2.123096501582073282e-03
2.148455574199455848e-03
2.161764193132605875e-03
2.162947866024138820e-03
2.152000589643474938e-03
2.128984882138901854e-03
2.094031428258799187e-03
2.047338339557363239e-03
1.989170033764065502e-03
1.919855739658715178e-03
1.839787635901097033e-03
1.749418634335164670e-03
1.649259820293795921e-03
1.539877564368309073e-03
1.421890321962701381e-03
1.295965138713570846e-03
1.162813881519662992e-03
1.023189216473508042e-03
8.778803564178033021e-04
7.277086021476267697e-04
5.735227024479793703e-04
4.161940591757724026e-04
2.566118044723178222e-04
9.567777791234047269e-05
-6.569856803437576888e-05
-2.266053054608640170e-04
-3.861331823745219895e-04
-5.433807588480506863e-04
-6.974594989635278216e-04
-8.474987897839893159e-04
-9.926508590117255528e-04
-1.132095563552221228e-03
-1.265045021945646704e-03
-1.390748064498005705e-03
-1.508494475980047024e-03
-1.617619006937867643e-03
-1.717505130954907104e-03
-1.807588526652402407e-03
-1.887360264763934337e-03
-1.956369682282869862e-03
-2.014226927462305777e-03
-2.060605161285678031e-03
-2.095242402988491733e-03
-2.117943009204952941e-03
-2.128578778396164693e-03
-2.127089674316447708e-03
-2.113484164452550645e-03
-2.087839171510248899e-03
-2.050299638240546136e-03
-2.001077708064093446e-03
-1.940451526125677251e-03
-1.868763667553183152e-03
-1.786419201808886036e-03
-1.693883404062711219e-03
-1.591679126522813200e-03
-1.480383844574760651e-03
-1.360626394409409842e-03
-1.233083420580423188e-03
-1.098475553549077685e-03
-9.575633388134374094e-04
-8.111429406157480990e-04
-6.600416444977845595e-04
-5.051131841049136739e-04
-3.472329186393982190e-04
-1.872928881945422016e-04
-2.619677491005045891e-05
1.351452016019349695e-04
2.958214257233129246e-04
4.549240351510930249e-04
6.115540489889563849e-04
7.648264456456255710e-04
9.138751618670084859e-04
1.057857984656013347e-03
1.195961308464923252e-03
1.327404730784427457e-03
1.451445460179740226e-03
1.567382511876817168e-03
1.674560667205407961e-03
1.772374174537755514e-03
1.860270170823067736e-03
1.937751804395930651e-03
2.004381041422744966e-03
2.059781140138933122e-03
2.103638778906453347e-03
2.135705826072897481e-03
2.155800741640194387e-03
2.163809602833086012e-03
2.159686747768886812e-03
2.143455033604673571e-03
2.115205707702562995e-03
2.075097892544950414e-03
2.023357687307562360e-03
1.960276891172867651e-03
1.886211355592385883e-03
1.801578974805740328e-03
1.706857325971753705e-03
1.602580972235484328e-03
1.489338443971093169e-03
1.367768915244560370e-03
1.238558594273033841e-03
1.102436848264644765e-03
9.601720845271598161e-04
8.125674111064482962e-04
6.604561014644912348e-04
5.046968888101425717e-04
3.461691166573365266e-04
1.857677730013995287e-04
2.439843615455131057e-05
-1.370278392123965299e-04
-2.975996669459279637e-04
-4.564104761440326515e-04
-6.125636306859396675e-04
-7.651774926468421804e-04
-9.133904010009826716e-04
-1.056365537499164616e-03
-1.193295652243807608e-03
-1.323407622273861097e-03
-1.445966817419737718e-03
-1.560281248773857585e-03
-1.665705476349337542e-03
-1.761644253866209231e-03
-1.847555890080687831e-03
-1.922955307677655335e-03
-1.987416782457494726e-03
-2.040576347349705964e-03
-2.082133847678991571e-03
-2.111854636083345532e-03
-2.129570897513299258e-03
-2.135182596833245811e-03
-2.128658043678908433e-03
-2.110034071380964722e-03
-2.079415828951204810e-03
-2.036976187306167342e-03
-1.982954763086336621e-03
-1.917656565586560230e-03
-1.841450274440267721e-03
-1.754766157788882055e-03
-1.658093642691640382e-03
-1.551978551505031828e-03
-1.437020019831824992e-03
-1.313867113455792967e-03
-1.183215163361531382e-03
-1.045801839540683566e-03
-9.024029857574164060e-04
-7.538282387940561501e-04
-6.009164569189759126e-04
-4.445309833895267661e-04
-2.855547717399792513e-04
-1.248854003786281544e-04
3.656999534520296186e-05
1.978998449997001455e-04
3.581932899224611784e-04
5.165453260046415579e-04
6.720619133718416490e-04
8.238650241057408549e-04
9.710975995087345151e-04
1.112928388915095232e-03
1.248556642735330728e-03
1.377216633229972264e-03
1.498181977489302080e-03
1.610769738215594949e-03
1.714344279151326861e-03
1.808320853389378024e-03
1.892168904304729251e-03
1.965415060484283251e-03
2.027645807725613619e-03
2.078509823049063017e-03
2.117719957530718455e-03
2.145054856773502376e-03
2.160360209869623908e-03
2.163549619810471464e-03
2.154605090433918575e-03
2.133577127165161430e-03
2.100584450991824139e-03
2.055813327291744572e-03
1.999516513312336440e-03
1.932011830249950575e-03
1.853680367999155582e-03
1.764964332716002912e-03
1.666364549353645513e-03
1.558437633281210865e-03
1.441792846960154905e-03
1.317088659433838160e-03
1.185029028062953207e-03
1.046359423505211113e-03
9.018626203915108613e-04
7.523542774705575982e-04
5.986783321796419234e-04
4.417022356535726989e-04
2.823120550773926827e-04
1.214074710401896398e-04
-4.010330185861393624e-05
-2.013086424722033453e-04
-3.612986696845500788e-04
-5.191703790402742158e-04
-6.740327404293172241e-04
-8.250117280391753389e-04
-9.712552541769125603e-04
-1.111937979104170911e-03
-1.246265969731762862e-03
-1.373481180870419517e-03
-1.492865733741316307e-03
-1.603745967591142579e-03
-1.705496241542304742e-03
-1.797542465216911065e-03
-1.879365338207169113e-03
-1.950503280105950069e-03
-2.010555034564754946e-03
-2.059181932683493144e-03
-2.096109802957263259e-03
-2.121130517012586973e-03
-2.134103162407984672e-03
-2.134954835893397573e-03
-2.123681052654354494e-03
-2.100345769246064406e-03
-2.065081020094476291e-03
-2.018086169632369881e-03
-1.959626784303395569e-03
-1.890033130808513057e-03
-1.809698309097712912e-03
-1.719076030647765947e-03
-1.618678054589917353e-03
-1.509071296174169241e-03
-1.390874623899481183e-03
-1.264755363418594916e-03
-1.131425527955012529e-03
-9.916377965332183637e-04
-8.461812627387465527e-04
-6.958769780166369724e-04
-5.415733146863901731e-04
-3.841411748570952274e-04
-2.244690723054044025e-04
-6.345811509015252449e-05
9.798308276302485434e-05
2.589435317667004204e-04
4.185150107035253602e-04
5.757971945306340766e-04
7.299027375034344541e-04
8.799622828216718731e-04
1.025129370503897802e-03
1.164585215787844507e-03
1.297543331070248433e-03
1.423253965300083114e-03
1.541008335758893739e-03
1.650142628336766356e-03
1.750041743729335202e-03
1.840142768403615165e-03
1.919938150746996206e-03
1.988978564471253780e-03
2.046875443114843946e-03
2.093303171342957968e-03
2.128000920680609559e-03
2.150774119330487160e-03
2.161495547782426880e-03
2.160106054045072849e-03
2.146614884476115859e-03
2.121099628347188504e-03
2.083705776484952223e-03
2.034645896486035003e-03
1.974198429171286975e-03
1.902706113108847260e-03
1.820574046094633035e-03
1.728267394567342685e-03
1.626308763896798818e-03
1.515275244414261355e-03
1.395795149870670366e-03
1.268544466762844877e-03
1.134243034584437150e-03
9.936504785778054252e-04
8.475619179745974173e-04
6.968034739642209145e-04
5.422276027640924884e-04
3.847082801590660209e-04
2.251360647034290777e-04
6.441306747531043572e-05
-9.655214320998836252e-05
-2.568496733472982953e-04
-4.155734420726231644e-04
-5.718262987511895821e-04
-7.247250894313031402e-04
-8.734056440498105030e-04
-1.017027656231541538e-03
-1.154779428121499498e-03
-1.285882453468940260e-03
-1.409595813078492587e-03
-1.525220357817594005e-03
-1.632102655564222557e-03
-1.729638679811250183e-03
-1.817277219110859619e-03
-1.894522988110921473e-03
-1.960939422628583256e-03
-2.016151142985179133e-03
-2.059846071708015553e-03
-2.091777193647778761e-03
-2.111763948589651281e-03
-2.119693248504600329e-03
-2.115520113712043761e-03
-2.099267924377994001e-03
-2.071028285938001506e-03
-2.030960509225484753e-03
-1.979290708255393438e-03
-1.916310520771754991e-03
-1.842375458799785318e-03
-1.757902898537359740e-03
-1.663369720944451752e-03
-1.559309616377648833e-03
-1.446310068496316605e-03
-1.325009034498910061e-03
-1.196091340435648026e-03
-1.060284811979967301e-03
-9.183561625111469557e-04
-7.711066617493562937e-04
-6.193676094010224908e-04
-4.639956394031083463e-04
-3.058678812732814321e-04
-1.458770059143555255e-04
1.507381615291649445e-05
1.760760156468977851e-04
3.362207556628870578e-04
4.946040641149398618e-04
6.503319384902847035e-04
8.025253940938987954e-04
9.503254272727295867e-04
1.092897865592330027e-03
1.229438077581654874e-03
1.359175515452264215e-03
1.481378065143625295e-03
1.595356179138901660e-03
1.700466768715865789e-03
1.796116833665942214e-03
1.881766808995182904e-03
1.956933609712975964e-03
2.021193356538096477e-03
2.074183767130185173e-03
2.115606199369297023e-03
2.145227335153108376e-03
2.162880495223809280e-03
2.168466577614408530e-03
2.161954614433914124e-03
2.143381943867810058e-03
2.112853996436033117e-03
2.070543696742596987e-03
2.016690484105578343e-03
1.951598957630544225e-03
1.875637153385185506e-03
1.789234463434787514e-03
1.692879208506167191e-03
1.587115878003869532e-03
1.472542052993550815e-03
1.349805029533930351e-03
1.219598161458866365e-03
1.082656943269550125e-03
9.397548552752012490e-04
7.916989944722731612e-04
6.393255158307913251e-04
4.834949097617635390e-04
3.250871424418724787e-04
1.649966864481073312e-04
4.127469772661972250e-06
-1.566122282358661983e-04
-3.163149051981692904e-04
-4.740789593082656472e-04
-6.290137792946308773e-04
-7.802447719776552278e-04
-9.269182990559706251e-04
-1.068206495215099543e-03
-1.203311940372985087e-03
-1.331472159683309972e-03
-1.451963925879652152e-03
-1.564107339684197998e-03
-1.667269665246066219e-03
-1.760868898963905121e-03
-1.844377051551295476e-03
-1.917323124831892727e-03
-1.979295766468569875e-03
-2.029945587657741926e-03
-2.068987130721354744e-03
-2.096200475508792384e-03
-2.111432475561852377e-03
-2.114597617090552880e-03
-2.105678495931995707e-03
-2.084725909836301298e-03
-2.051858565577331216e-03
-2.007262402583468407e-03
-1.951189536933136716e-03
-1.883956831716115249e-03
-1.805944101861310051e-03
-1.717591963608983922e-03
-1.619399340799147248e-03
-1.511920642097665116e-03
-1.395762625129090030e-03
-1.271580965265285690e-03
-1.140076548473190543e-03
-1.001991509191313499e-03
-8.581050356429593528e-04
-7.092289663047464041e-04
-5.562032024225820742e-04
-3.998909625182936055e-04
-2.411739057038835444e-04
-8.094715137499353640e-05
7.988577657484399297e-05
2.404180524401705881e-04
3.997446694609177453e-04
5.569675497117151756e-04
7.112006142539856147e-04
8.615747849092553635e-04
1.007242889389820678e-03
1.147384442091450244e-03
1.281210273540228954e-03
1.407966982344279134e-03
1.526941184527495256e-03
1.637463536232741180e-03
1.738912507105670616e-03
1.830717883049817881e-03
1.912363978593103510e-03
1.983392540739874373e-03
2.043405327935728794e-03
2.092066349601380895e-03
2.129103753622333620e-03
2.154311351160508124e-03
2.167549770218594584e-03
2.168747231476685425e-03
2.157899942056800639e-03
2.135072105046035250e-03
2.100395544762044195e-03
2.054068949928170885e-03
1.996356739087138624e-03
1.927587554711005999e-03
1.848152394571136656e-03
1.758502390977229870e-03
1.659146250483143140e-03
1.550647368593321930e-03
1.433620635802011550e-03
1.308728953097966106e-03
1.176679476650044657e-03
1.038219612963154357e-03
8.941327871802960551e-04
7.452340084966758028e-04
5.923652577927903404e-04
4.363907236044101026e-04
2.781919133882044875e-04
1.186626677695633422e-04
-4.129589402360996840e-05
-2.007804689306445713e-04
-3.588906761935780742e-04
-5.147341459796029531e-04
-6.674315616874627226e-04
-8.161216274195927899e-04
-9.599659325121924795e-04
-1.098153685613235822e-03
-1.229906291527512428e-03
-1.354481744947224394e-03
-1.471178816223126700e-03
-1.579341005503144546e-03
-1.678360242894090526e-03
-1.767680313723887786e-03
-1.846799989544022991e-03
-1.915275847191998115e-03
-1.972724759980013301e-03
-2.018826046947387425e-03
-2.053323268046425894e-03
-2.076025655135913407e-03
-2.086809170723923947e-03
-2.085617188496035734e-03
-2.072460791836313893e-03
-2.047418688666591702e-03
-2.010636743150429756e-03
-1.962327126944970416e-03
-1.902767094847942087e-03
-1.832297391825404680e-03
-1.751320300468776165e-03
-1.660297339992248579e-03
-1.559746629838251308e-03
-1.450239932864883516e-03
-1.332399394900520440e-03
-1.206893999174691017e-03
-1.074435755744972132e-03
-9.357756475431440154e-04
-7.916993560454988399e-04
-6.430227908101475475e-04
-4.905874482504892550e-04
-3.352556259685002477e-04
-1.779055197948221597e-04
-1.942623135601197139e-05
1.392872855244896139e-04
2.973393109129045600e-04
4.538384484931880366e-04
6.079026900630071784e-04
7.586644260678226644e-04
9.052753737421825831e-04
1.046911394906818379e-03
1.182777176078076255e-03
1.312110744333793398e-03
1.434187793319922737e-03
1.548325794823090726e-03
1.653887872598008325e-03
1.750286416438404796e-03
1.836986415978088217e-03
1.913508495290258855e-03
1.979431631042437301e-03
2.034395538766988962e-03
2.078102713673095521e-03
2.110320114407243392e-03
2.130880480158056037e-03
2.139683273615141691e-03
2.136695244390589884e-03
2.121950609665518642e-03
2.095550851006158181e-03
2.057664128451579082e-03
2.008524315167617511e-03
1.948429658091687918e-03
1.877741072135166375e-03
1.796880077576468518e-03
1.706326392304842021e-03
1.606615192541403000e-03
1.498334057538833761e-03
1.382119615560817825e-03
1.258653910138971118e-03
1.128660507194101251e-03
9.929003650834839628e-04
8.521674909900191783e-04
7.072844082745144293e-04
5.590974605040135471e-04
4.084719787924842235e-04
2.562873398767848187e-04
1.034319429703291465e-04
-4.920186607888226170e-05
-2.007228945142682604e-04
-3.502461973078012489e-04
-4.968981377629474918e-04
-6.398213853241547979e-04
-7.781798221713707433e-04
-9.111633307080263837e-04
-1.037992434678949036e-03
-1.157922767525431697e-03
-1.270249342503948367e-03
-1.374310600254245946e-03
-1.469492210721614397e-03
-1.555230607743599263e-03
-1.631016236113913250e-03
-1.696396492541749762e-03
-1.750978343686565575e-03
-1.794430606236889318e-03
-1.826485875927886951e-03
-1.846942094382057796e-03
-1.855663744684948923e-03
-1.852582668733525990e-03
-1.837698501505161206e-03
-1.811078719592478089e-03
-1.772858303509201264e-03
-1.723239015478114991e-03
-1.662488296573086345e-03
-1.590937789261423312e-03
-1.508981493505563405e-03
-1.417073566665427720e-03
-1.315725779465968344e-03
-1.205504642247393760e-03
-1.087028217580864216e-03
-9.609626371321709076e-04
-8.280183423218085131e-04
-6.889460699160031764e-04
-5.445326051260781760e-04
-3.955963261328526693e-04
-2.429825651397564835e-04
-8.755881209772217635e-05
6.979021181784174376e-05
2.281675831863119177e-04
3.866692793630039423e-04
5.443893267028274922e-04
7.004249648741094850e-04
8.538817980448659955e-04
1.003878903775465422e-03
1.149553870678255178e-03
1.290067736290597279e-03
1.424609797148907071e-03
1.552402263761640169e-03
1.672704734040744105e-03
1.784818459747595978e-03
1.888090381683371361e-03
1.981916910619893092e-03
2.065747432412416359e-03
2.139087517255852319e-03
2.201501814724072734e-03
2.252616617976325748e-03
2.292122082378471835e-03
2.319774085726580490e-03
2.335395719273347572e-03
2.338878400824598303e-03
2.330182603309760309e-03
2.309338194387504980e-03
2.276444384832885474e-03
2.231669285660003391e-03
2.175249076140197205e-03
2.107486787059625367e-03
2.028750705737292995e-03
1.939472411455718916e-03
1.840144452040743750e-03
1.731317674356901495e-03
1.613598223425861521e-03
1.487644226782935085e-03
1.354162182417782603e-03
1.213903070369562942e-03
1.067658209584027625e-03
9.162548830969448809e-04
7.605517559205527594e-04
6.014341111903111648e-04
4.398089311693699922e-04
2.765998505774110074e-04
1.127420104759064369e-04
-5.082315852174572237e-05
-2.131531944986178649e-04
-3.733098745067352556e-04
-5.303644673194030839e-04
-6.834029392182970489e-04
-8.315310836145239871e-04
-9.738795457089003543e-04
-1.109608713977361816e-03
-1.237913450997861009e-03
-1.358027637022922408e-03
-1.469228500733369639e-03
-1.570840712804588354e-03
-1.662240219211015384e-03
-1.742857792669018748e-03
-1.812182282165971433e-03
-1.869763542219849512e-03
-1.915215025293736566e-03
-1.948216022672529879e-03
-1.968513541068679304e-03
-1.975923804260614359e-03
-1.970333371166921744e-03
-1.951699863891999702e-03
-1.920052301474921199e-03
-1.875491037265978678e-03
-1.818187300081449678e-03
-1.748382341499230301e-03
-1.666386193864674700e-03
-1.572576045758654036e-03
-1.467394243811801164e-03
-1.351345931856458207e-03
-1.224996340422356434e-03
-1.088967741559446808e-03
-9.439360858235645467e-04
-7.906273400703611037e-04
-6.298135463480649971e-04
-4.623086237716556718e-04
-2.889639366813970419e-04
-1.106636537090162879e-04
7.168007645113440914e-05
2.571321057523386121e-04
4.447393962774839025e-04
6.335362300785753057e-04
8.225494903819987897e-04
1.010803984775713021e-03
1.197327780751968052e-03
1.381157523911617693e-03
1.561343709235447907e-03
1.736955876077291971e-03
1.907087697976822408e-03
2.070861938962823955e-03
2.227435248772910957e-03
2.376002770318024100e-03
2.515802533758158040e-03
2.646119612771606622e-03
2.766290019903889542e-03
2.875704319373839635e-03
2.973810937261938975e-03
3.060119150728519977e-03
3.134201739691155637e-03
3.195697286281473735e-03
3.244312109372673742e-03
3.279821823515499321e-03
3.302072513715716747e-03
3.310981519639303108e-03
3.306537825014403166e-03
3.288802050207306153e-03
3.257906048173601909e-03
3.214052106194320926e-03
3.157511758012786652e-03
3.088624213178609197e-03
3.007794412522061481e-03
2.915490720781888350e-03
2.812242269443330014e-03
2.698635964776415451e-03
2.575313177946960633e-03
2.442966135841874182e-03
2.302334032914099896e-03
2.154198885907006571e-03
1.999381154756256582e-03
1.838735154248363193e-03
1.673144282199389181e-03
1.503516090911457496e-03
1.330777229538091444e-03
1.155868285716212191e-03
9.797385553355227560e-04
8.033407697444926903e-04
6.276258098918579328e-04
4.535374369674086592e-04
2.820070690011633159e-04
1.139486326002758473e-04
-4.974648142274200449e-05
-2.082143303901991629e-04
-3.606231726677550597e-04
-5.061780346617047446e-04
-6.441250664784511654e-04
-7.737556620163047252e-04
-8.944103206121695139e-04
-1.005482228796405900e-03
-1.106420542337496413e-03
-1.196733350409213753e-03
-1.275990305538026153e-03
-1.343824904863144890e-03
-1.399936410213666049e-03
-1.444091396536112751e-03
-1.476124920316782517e-03
-1.495941301758395162e-03
-1.503514516678294832e-03
-1.498888196260644975e-03
-1.482175235024767732e-03
-1.453557009560016043e-03
-1.413282212773834656e-03
-1.361665310558074233e-03
-1.299084629894560168e-03
-1.225980089496922238e-03
-1.142850586083520850e-03
-1.050251051314788665e-03
-9.487891962634908234e-04
-8.391219620419762115e-04
-7.219516968589844439e-04
-5.980220812900774539e-04
-4.681138249703569831e-04
-3.330401591790157221e-04
-1.936421509253302036e-04
-5.078386513409909611e-05
9.465259763002076244e-05
2.417721597716976237e-04
3.896718929677948852e-04
5.374461831378500630e-04
6.841919048735754924e-04
8.290135760786947021e-04
9.710284636923272386e-04
1.109371611673075310e-03
1.243200762868427360e-03
1.371701147018561297e-03
1.494090107902208003e-03
1.609621543575449291e-03
1.717590134700381233e-03
1.817335337208626691e-03
1.908245116833156684e-03
1.989759404577904831e-03
2.061373253736798958e-03
2.122639680782975082e-03
2.173172174260387928e-03
2.212646857670048234e-03
2.240804294331730315e-03
2.257450924212611211e-03
2.262460124817866972e-03
2.255772890343044155e-03
2.237398125491675896e-03
2.207412552497033543e-03
2.165960232104274363e-03
2.113251701449866092e-03
2.049562733931702303e-03
1.975232728308316810e-03
1.890662736361218080e-03
1.796313140484969697e-03
1.692700994562220665e-03
1.580397043372280472e-03
1.460022437590388893e-03
1.332245163161868478e-03
1.197776205440284581e-03
1.057365469968753148e-03
9.117974831602576775e-04
7.618868973638429857e-04
6.084738259064012122e-04
4.524190346525238174e-04
2.945990174235409522e-04
1.359009832782315924e-04
-2.278221587443096099e-05
-1.805571885068502926e-04
-3.365351085780384356e-04
-4.898367935349151906e-04
-6.395977263874990824e-04
-7.849729933733205507e-04
-9.251421092058544288e-04
-1.059313702541437013e-03
-1.186730035115682921e-03
-1.306671328930144324e-03
-1.418459876974330564e-03
-1.521463914204930100e-03
-1.615101226854073367e-03
-1.698842479641419784e-03
-1.772214242059791736e-03
-1.834801696609346215e-03
-1.886251013676667684e-03
-1.926271379621809264e-03
-1.954636666633626819e-03
-1.971186734918926702e-03
-1.975828359893243465e-03
-1.968535779159100076e-03
-1.949350856210599250e-03
-1.918382859985753560e-03
-1.875807861551024268e-03
-1.821867751380244933e-03
-1.756868882832060465e-03
-1.681180349559997919e-03
-1.595231906635178947e-03
-1.499511547217958910e-03
-1.394562748520281796e-03
-1.280981402706838626e-03
-1.159412450148194183e-03
-1.030546234128119692e-03
-8.951145976769655588e-04
-7.538867446757935211e-04
-6.076648886835044451e-04
-4.572797141709406443e-04
-3.035856758795701265e-04
-1.474561629419698862e-04
1.022144481727975500e-05
1.685508003998808179e-04
3.266316645037450222e-04
4.835650029886846943e-04
6.384580780700037546e-04
7.904295043899480389e-04
9.386142413360347566e-04
1.082168493326686682e-03
1.220274490304713204e-03
1.352145121378746590e-03
1.477028395353413440e-03
1.594211702902410864e-03
1.703025856240825359e-03
1.802848883419989195e-03
1.893109555764732870e-03
1.973290628468860226e-03
2.042931776006648697e-03
2.101632205729350635e-03
2.149052934849694872e-03
2.184918717915465027e-03
2.209019613850597089e-03
2.221212183692484587e-03
2.221420312224303261e-03
2.209635648856975252e-03
2.185917665232556869e-03
2.150393329227911435e-03
2.103256397182523378e-03
2.044766328338224175e-03
1.975246827623612384e-03
1.895084025010265565e-03
1.804724301722049427e-03
1.704671775586816176e-03
1.595485459734984025e-03
1.477776110702153480e-03
1.352202783751957479e-03
1.219469114882471960e-03
1.080319350537852809e-03
9.355341474590774106e-04
7.859261664119119705e-04
6.323354847105713047e-04
4.756248534485102257e-04
3.166748262527199135e-04
1.563787871043488336e-04
-4.362094694768210331e-06
-1.646439538701474897e-04
-3.235653340856659748e-04
-4.802322795579380839e-04
-6.337633846004078059e-04
-7.832947725543464761e-04
-9.279849759657913351e-04
-1.067019690432486571e-03
-1.199616375241478435e-03
-1.325028674812764925e-03
-1.442550635939368999e-03
-1.551520697013653634e-03
-1.651325426675680176e-03
-1.741402990764608560e-03
-1.821246327979069574e-03
-1.890406016298589072e-03
-1.948492813969008100e-03
-1.995179860696297356e-03
-2.030204526594415939e-03
-2.053369898468512030e-03
-2.064545895000721200e-03
-2.063670004564443963e-03
-2.050747641483093107e-03
-2.025852118725615138e-03
-1.989124237194407879e-03
-1.940771493920993721e-03
-1.881066913649721666e-03
-1.810347510409346427e-03
-1.729012387762639312e-03
-1.637520488470195230e-03
-1.536388006282916755e-03
-1.426185474483054579e-03
-1.307534547627698567e-03
-1.181104494670200730e-03
-1.047608423276220283e-03
-9.077992566660677805e-04
-7.624654857003307969e-04
-6.124267202222947884e-04
-4.585290647718344350e-04
-3.016403448004864401e-04
-1.426452103521563483e-04
1.755985513423064738e-05
1.780715927091344275e-04
3.379850639150772888e-04
4.963987561243619071e-04
6.524196683817873104e-04
8.051683490216433869e-04
9.537838566233225544e-04
1.097428616268030866e-03
1.235293143702963095e-03
1.366600610710007237e-03
1.490611225918902702e-03
1.606626406323495787e-03
1.713992715950924750e-03
1.812105549454458764e-03
1.900412539829499873e-03
1.978416671026970736e-03
2.045679077894154135e-03
2.101821517645359547e-03
2.146528498925623883e-03
2.179549056449559680e-03
2.200698161224352075e-03
2.209857758398485039e-03
2.206977426908111450e-03
2.192074657201087406e-03
2.165234745507676681e-03
2.126610305265707376e-03
2.076420398487651559e-03
2.014949291997606470e-03
1.942544845582285440e-03
1.859616541191553294e-03
1.766633164335780102e-03
1.664120150797519055e-03
1.552656613670871629e-03
1.432872067542802696e-03
1.305442868334538578e-03
1.171088388935430987e-03
1.030566952248858012e-03
8.846715446485078948e-04
7.342253340565884061e-04
5.800770179939188781e-04
4.230960278841042351e-04
2.641676167110729905e-04
1.041878577987062496e-04
-5.594141703845979449e-05
-2.153177113651489954e-04
-3.730429612378725803e-04
-5.282286067658129936e-04
-6.800006094663259802e-04
-8.275043870729640238e-04
-9.699096379224853709e-04
-1.106415027668601484e-03
-1.236252711854471820e-03
-1.358692668809764184e-03
-1.473046818386766982e-03
-1.578672903298015961e-03
-1.674978111131532072e-03
-1.761422416601342300e-03
-1.837521625162931785e-03
-1.902850100825215782e-03
-1.957043162762425390e-03
-1.999799137201671920e-03
-2.030881053037619441e-03
-2.050117971589795769e-03
-2.057405943040052296e-03
-2.052708584153826316e-03
-2.036057274062500096e-03
-2.007550967015235555e-03
-1.967355623197447265e-03
-1.915703260853340384e-03
-1.852890635097680658e-03
-1.779277550914513993e-03
-1.695284819901062869e-03
-1.601391872327423589e-03
-1.498134038041488069e-03
-1.386099511602935591e-03
-1.265926018828786520e-03
-1.138297203609240716e-03
-1.003938755437299747e-03
-8.636142995658345565e-04
-7.181210730297889807e-04
-5.682854110002060616e-04
-4.149580689925084229e-04
-2.590094073905692363e-04
-1.013244655106263241e-04
5.720204693349009283e-05
2.156708126418449838e-04
3.731829951967729239e-04
5.288453244082071212e-04
6.817751497938691731e-04
8.311054336088890887e-04
9.759896552184742268e-04
1.115606599062686499e-03
1.249164999168418449e-03
1.375908013936612837e-03
1.495117505921639018e-03
1.606118102405096901e-03
1.708281013811798138e-03
1.801027588388539680e-03
1.883832583056166063e-03
1.956227131941085714e-03
2.017801395823007240e-03
2.068206877510750212e-03
2.107158390081904746e-03
2.134435666849206128e-03
2.149884603969603406e-03
2.153418128673349578e-03
2.145016688214772520e-03
2.124728356788907653e-03
2.092668559811360247e-03
2.049019417136998134e-03
1.994028708929180237e-03
1.928008470043449194e-03
1.851333220869511844e-03
1.764437844649537155e-03
1.667815123278231816e-03
1.562012945522035226e-03
1.447631203453114820e-03
1.325318394646488474e-03
1.195767949361662775e-03
1.059714303482405884e-03
9.179287394199033825e-04
7.712150185046127808e-04
6.204048295670540119e-04
4.663530794485709575e-04
3.099330520770631771e-04
1.520314634792176059e-04
-6.456559287702843754e-06
-1.646325469115074067e-04
-3.215997756163762960e-04
-4.764683452097395028e-04
-6.283602186592681087e-04
-7.764141946929011343e-04
-9.197907852989292655e-04
-1.057676970534651793e-03
-1.189290803750643263e-03
-1.313885841168197909e-03
-1.430755370769375406e-03
-1.539236416549824181e-03
-1.638713495500189032e-03
-1.728622106040479970e-03
-1.808451928170906001e-03
-1.877749717229000104e-03
-1.936121874862177777e-03
-1.983236682669126290e-03
-2.018826185844569809e-03
-2.042687716166901452e-03
-2.054685045685690579e-03
-2.054749164560445811e-03
-2.042878678627073081e-03
-2.019139824419935621e-03
-1.983666101541345893e-03
-1.936657524409512608e-03
-1.878379497611099578e-03
-1.809161321174756381e-03
-1.729394334185585655e-03
-1.639529707224602261e-03
-1.540075896057020157e-03
-1.431595770966681471e-03
-1.314703437919418358e-03
-1.190060769508299041e-03
-1.058373665263233647e-03
-9.203880624482564839e-04
-7.768857198709550006e-04
-6.286797985190655837e-04
-4.766102639840962799e-04
-3.215391366565454809e-04
-1.643456165130430225e-04
-5.921110053574074767e-06
1.528358125198978090e-04
3.110245013788291019e-04
4.677473236627947731e-04
6.221147437987619485e-04
7.732503588095568934e-04
9.202958601676689823e-04
1.062415894122861401e-03
1.198802793030873072e-03
1.328681150932192485e-03
1.451312217492752282e-03
1.565998085462994406e-03
1.672085647951918486e-03
1.768970303149042245e-03
1.856099385495602180e-03
1.932975303907670485e-03
1.999158369267515015e-03
2.054269295167416610e-03
2.097991357741170893e-03
2.130072202319322535e-03
2.150325286666953436e-03
2.158630952596240094e-03
2.154937119844718349e-03
2.139259598249551586e-03
2.111682016404804307e-03
2.072355367140877713e-03
2.021497172346646207e-03
1.959390271795415257e-03
1.886381242755992517e-03
1.802878459269304390e-03
1.709349801988487971e-03
1.606320031473316198e-03
1.494367839716497642e-03
1.374122596505100713e-03
1.246260808946180344e-03
1.111502314102503011e-03
9.706062261908808553e-04
8.243666612006120449e-04
6.736082630216168755e-04
5.191815563157747664e-04
3.619581523385000566e-04
2.028258347557909496e-04
4.268355316375796102e-05
-1.175636474296307257e-04
-2.770097325649476579e-04
-4.347527909059558000e-04
-5.899001245991354527e-04
-7.415732886653403659e-04
-8.889130509925956356e-04
-1.031084244927914359e-03
-1.167280487069967182e-03
-1.296728733624342945e-03
-1.418693649591516379e-03
-1.532481766116584486e-03
-1.637445402503515286e-03
-1.732986330757644742e-03
-1.818559161924974922e-03
-1.893674435113388167e-03
-1.957901391710299352e-03
-2.010870419126072495e-03
-2.052275150223472656e-03
-2.081874206558517737e-03
-2.099492575551750034e-03
-2.105022613779500978e-03
-2.098424670680895145e-03
-2.079727329119328543e-03
-2.049027261400890223e-03
-2.006488701505323297e-03
-1.952342536478269500e-03
-1.886885022055820749e-03
-1.810476129722725499e-03
-1.723537534491425540e-03
-1.626550254699860856e-03
-1.520051957110406249e-03
-1.404633942461894517e-03
-1.280937828437951707e-03
-1.149651948730501076e-03
-1.011507488462718438e-03
-8.672743777388983383e-04
-7.177569664462210694e-04
-5.637895046711994488e-04
-4.062314541899806090e-04
-2.459626574516536796e-04
-8.387839125681675260e-05
7.911566696408944377e-05
2.421085319478899728e-04
4.041890337393640067e-04
5.644509423189593856e-04
7.219980648312221590e-04
8.759492866833520778e-04
1.025443528100524479e-03
1.169644588200354808e-03
1.307745849282053669e-03
1.438974814802948619e-03
1.562597455479010832e-03
1.677922338987268905e-03
1.784304520003000740e-03
1.881149168637067130e-03
1.967914916812295214e-03
2.044116903719605995e-03
2.109329503178660695e-03
2.163188717522808446e-03
2.205394224518321313e-03
2.235711065767989180e-03
2.253970967082519206e-03
2.260073283375261220e-03
2.253985562745354238e-03
2.235743726573896639e-03
2.205451864613303462e-03
2.163281646217107140e-03
2.109471351050020132e-03
2.044324524704061157e-03
1.968208266840331452e-03
1.881551161473335974e-03
1.784840861090849010e-03
1.678621338207089220e-03
1.563489819861899879e-03
1.440093422335866511e-03
1.309125505062613219e-03
1.171321764285903136e-03
1.027456088491658604e-03
8.783361989768653268e-04
7.247991001283242895e-04
5.677063650792713544e-04
4.079392832926273245e-04
2.463938974522495839e-04
8.397595763138505996e-05
-7.840417881846736120e-05
-2.398366728990571929e-04
-3.994173262309178777e-04
-5.562526710720345569e-04
-7.094649993991614459e-04
-8.581973027047754129e-04
-1.001618094662470263e-03
-1.138926089477980538e-03
-1.269354709562691688e-03
-1.392176397114687015e-03
-1.506706705317585604e-03
-1.612308146094778433e-03
-1.708393772743846449e-03
-1.794430477254037358e-03
-1.869941983747887802e-03
-1.934511521164268512e-03
-1.987784160144229727e-03
-2.029468800958035123e-03
-2.059339801278497854e-03
-2.077238234652850450e-03
-2.083072772579031180e-03
-2.076820185259906429e-03
-2.058525458209346619e-03
-2.028301524091316935e-03
-1.986328611321418712e-03
-1.932853213128613067e-03
-1.868186682916408731e-03
-1.792703463864516985e-03
-1.706838962788189253e-03
-1.611087080250760443e-03
-1.505997410912154584e-03
-1.392172129891417181e-03
-1.270262582752823728e-03
-1.140965598354513801e-03
-1.005019545383208654e-03
-8.632001548337797517e-04
-7.163161320147011903e-04
-5.652045828496441229e-04
-4.107262802851153593e-04
-2.537607975224586191e-04
-9.520153554203072380e-05
6.404932702828654062e-05
2.230859331903017081e-04
3.810038672314050535e-04
5.369052658734175306e-04
6.899038920661136436e-04
8.391301428044610706e-04
9.837359627145774495e-04
1.122899635683239456e-03
1.255830427500152996e-03
1.381773053322979481e-03
1.500011944758559675e-03
1.609875292489682625e-03
1.710738841646619861e-03
1.802029418512820884e-03
1.883228168668361424e-03
1.953873488315003085e-03
2.013563632242817460e-03
2.061958983734098975e-03
2.098783973610339817e-03
2.123828637588221283e-03
2.136949803175624933e-03
2.138071899419302126e-03
2.127187384937245709e-03
2.104356791827409999e-03
2.069708385219382833e-03
2.023437440389685114e-03
1.965805141527654336e-03
1.897137108377136821e-03
1.817821559059690749e-03
1.728307119469167088e-03
1.629100291581266589e-03
1.520762594986422049e-03
1.403907397761827410e-03
1.279196454578512224e-03
1.147336171569632085e-03
1.009073619043852291e-03
8.651923145338883889e-04
7.165077999837161146e-04
5.638630380189379922e-04
4.081236532783251349e-04
2.501730456578194492e-04
9.090740303115941946e-05
-6.876935841529001954e-05
-2.279506976831374568e-04
-3.857325675207089882e-04
-5.412185191474107098e-04
-6.935247643621041515e-04
-8.417851664744028985e-04
-9.851561318986960109e-04
-1.122821374832959351e-03
-1.253996528127882416e-03
-1.377933574356097427e-03
-1.493925072074101575e-03
-1.601308153446333619e-03
-1.699468270680698761e-03
-1.787842670146640644e-03
-1.865923574576664910e-03
-1.933261055415097995e-03
-1.989465579102203847e-03
-2.034210212936243128e-03
-2.067232478083367610e-03
-2.088335839270311425e-03
-2.097390822775498966e-03
-2.094335756399011688e-03
-2.079177127253132706e-03
-2.051989555350798491e-03
-2.012915383139616925e-03
-1.962163883303650550e-03
-1.900010089302594336e-03
-1.826793255232158492e-03
-1.742914953710906611e-03
-1.648836822508497170e-03
-1.545077972618632287e-03
-1.432212072412053115e-03
-1.310864124294864892e-03
-1.181706952052853470e-03
-1.045457418693417247e-03
-9.028723961058531802e-04
-7.547445092661191936e-04
-6.018976789818754987e-04
-4.451824883062880582e-04
-2.854713987447623927e-04
-1.236538432224987868e-04
3.936877652068123160e-05
2.026881599155210055e-04
3.653942163374425942e-04
5.265801838857928942e-04
6.853477293101727964e-04
8.408120003327141344e-04
9.921066019137089569e-04
1.138388468390709408e-03
1.278842604055729784e-03
1.412686665449119656e-03
1.539175359554737811e-03
1.657604633119647008e-03
1.767315629496466227e-03
1.867698390721082759e-03
1.958195283981445378e-03
2.038304133176929017e-03
2.107581037946860796e-03
2.165642864288602667e-03
2.212169392766856740e-03
2.246905112223290986e-03
2.269660648906700242e-03
2.280313822989996422e-03
2.278810326570183693e-03
2.265164019335347192e-03
2.239456840286066334e-03
2.201838336031556112e-03
2.152524808359897960e-03
2.091798085916656783e-03
2.020003926961388106e-03
1.937550062224035726e-03
1.844903888953087958e-03
1.742589829167249952e-03
1.631186367041515201e-03
1.511322782184888313e-03
1.383675597217655763e-03
1.248964759737622833e-03
1.107949580220314286e-03
9.614244487728921141e-04
8.102143549267156949e-04
6.551702357391787782e-04
4.971641784656956982e-04
